Distance(au)                    Energy(au)
1.3                    -1.173186681057
1.30010005                    -1.17319138806
1.3002001                    -1.173196089665
1.30030015                    -1.173200785876
1.3004002                    -1.173205476691
1.30050025                    -1.173210162113
1.3006003                    -1.173214842146
1.30070035                    -1.17321951679
1.3008004                    -1.173224186048
1.30090045                    -1.173228849922
1.3010005                    -1.17323350841
1.30110055                    -1.173238161519
1.3012006                    -1.173242809248
1.30130065                    -1.1732474516
1.3014007                    -1.173252088574
1.30150075                    -1.173256720176
1.3016008                    -1.173261346406
1.30170085                    -1.173265967265
1.3018009                    -1.173270582758
1.30190095                    -1.173275192881
1.302001                    -1.173279797641
1.30210105                    -1.173284397039
1.3022011                    -1.173288991075
1.30230115                    -1.173293579751
1.3024012                    -1.173298163071
1.30250125                    -1.173302741035
1.3026013                    -1.173307313645
1.30270135                    -1.173311880904
1.3028014                    -1.173316442813
1.30290145                    -1.173320999373
1.3030015                    -1.173325550587
1.30310155                    -1.173330096457
1.3032016                    -1.173334636985
1.30330165                    -1.173339172169
1.3034017                    -1.173343702016
1.30350175                    -1.173348226526
1.3036018                    -1.1733527457
1.30370185                    -1.173357259541
1.3038019                    -1.17336176805
1.30390195                    -1.173366271229
1.304002                    -1.173370769082
1.30410205                    -1.173375261605
1.3042021                    -1.173379748805
1.30430215                    -1.173384230683
1.3044022                    -1.173388707241
1.30450225                    -1.173393178478
1.3046023                    -1.173397644398
1.30470235                    -1.173402105003
1.3048024                    -1.173406560295
1.30490245                    -1.173411010276
1.3050025                    -1.173415454945
1.30510255                    -1.173419894307
1.3052026                    -1.173424328364
1.30530265                    -1.173428757116
1.3054027                    -1.173433180563
1.30550275                    -1.173437598711
1.3056028                    -1.17344201156
1.30570285                    -1.173446419112
1.3058029                    -1.173450821369
1.30590295                    -1.173455218331
1.306003                    -1.173459610002
1.30610305                    -1.173463996384
1.3062031                    -1.173468377476
1.30630315                    -1.173472753282
1.3064032                    -1.173477123805
1.30650325                    -1.173481489044
1.3066033                    -1.173485849002
1.30670335                    -1.173490203681
1.3068034                    -1.173494553083
1.30690345                    -1.173498897209
1.3070035                    -1.173503236062
1.30710355                    -1.173507569642
1.3072036                    -1.173511897955
1.30730365                    -1.173516220996
1.3074037                    -1.173520538771
1.30750375                    -1.173524851284
1.3076038                    -1.173529158531
1.30770385                    -1.173533460518
1.3078039                    -1.173537757246
1.30790395                    -1.173542048717
1.308004                    -1.173546334933
1.30810405                    -1.173550615892
1.3082041                    -1.173554891601
1.30830415                    -1.173559162059
1.3084042                    -1.17356342727
1.30850425                    -1.173567687233
1.3086043                    -1.173571941951
1.30870435                    -1.173576191426
1.3088044                    -1.17358043566
1.30890445                    -1.173584674655
1.3090045                    -1.17358890841
1.30910455                    -1.173593136931
1.3092046                    -1.173597360217
1.30930465                    -1.173601578272
1.3094047                    -1.173605791034
1.30950475                    -1.173609998629
1.3096048                    -1.173614200996
1.30970485                    -1.173618398138
1.3098049                    -1.173622590057
1.30990495                    -1.173626776754
1.310005                    -1.173630958232
1.31010505                    -1.173635134492
1.3102051                    -1.173639305534
1.31030515                    -1.173643471362
1.3104052                    -1.173647631978
1.31050525                    -1.173651787383
1.3106053                    -1.173655937578
1.31070535                    -1.173660082566
1.3108054                    -1.173664222348
1.31090545                    -1.173668356927
1.3110055                    -1.173672486304
1.31110555                    -1.17367661048
1.3112056                    -1.173680729458
1.31130565                    -1.173684843239
1.3114057                    -1.173688951825
1.31150575                    -1.173693055218
1.3116058                    -1.173697153419
1.31170585                    -1.173701246431
1.3118059                    -1.173705334255
1.31190595                    -1.173709416893
1.312006                    -1.173713494348
1.31210605                    -1.173717566618
1.3122061                    -1.173721633708
1.31230615                    -1.173725695619
1.3124062                    -1.173729752355
1.31250625                    -1.173733803912
1.3126063                    -1.173737850297
1.31270635                    -1.17374189151
1.3128064                    -1.173745927553
1.31290645                    -1.173749958428
1.3130065                    -1.173753984136
1.31310655                    -1.173758004678
1.3132066                    -1.173762020059
1.31330665                    -1.173766030279
1.3134067                    -1.173770035336
1.31350675                    -1.173774035238
1.3136068                    -1.173778029984
1.31370685                    -1.173782019575
1.3138069                    -1.173786004013
1.31390695                    -1.173789983301
1.314007                    -1.17379395744
1.31410705                    -1.173797926433
1.3142071                    -1.173801890278
1.31430715                    -1.17380584898
1.3144072                    -1.173809802541
1.31450725                    -1.173813750963
1.3146073                    -1.173817694243
1.31470735                    -1.173821632389
1.3148074                    -1.1738255654
1.31490745                    -1.173829493277
1.3150075                    -1.173833416023
1.31510755                    -1.173837333639
1.3152076                    -1.173841246106
1.31530765                    -1.173845153468
1.3154077                    -1.173849055706
1.31550775                    -1.173852952822
1.3156078                    -1.173856844816
1.31570785                    -1.173860731691
1.3158079                    -1.173864613449
1.31590795                    -1.173868490091
1.316008                    -1.173872361621
1.31610805                    -1.173876228036
1.3162081                    -1.173880089342
1.31630815                    -1.173883945539
1.3164082                    -1.173887796563
1.31650825                    -1.173891642547
1.3166083                    -1.173895483428
1.31670835                    -1.173899319208
1.3168084                    -1.173903149889
1.31690845                    -1.17390697547
1.3170085                    -1.173910795956
1.31710855                    -1.173914611346
1.3172086                    -1.173918421646
1.31730865                    -1.173922226851
1.3174087                    -1.173926026968
1.31750875                    -1.173929821998
1.3176088                    -1.173933611942
1.31770885                    -1.1739373968
1.3178089                    -1.173941176576
1.31790895                    -1.173944951272
1.318009                    -1.173948720888
1.31810905                    -1.17395248543
1.3182091                    -1.173956244892
1.31830915                    -1.173959999282
1.3184092                    -1.1739637486
1.31850925                    -1.173967492808
1.3186093                    -1.173971231986
1.31870935                    -1.173974966098
1.3188094                    -1.173978695145
1.31890945                    -1.173982419129
1.3190095                    -1.173986138051
1.31910955                    -1.173989851912
1.3192096                    -1.173993560716
1.31930965                    -1.173997264464
1.3194097                    -1.174000963155
1.31950975                    -1.174004656794
1.3196098                    -1.174008345382
1.31970985                    -1.17401202892
1.3198099                    -1.17401570741
1.31990995                    -1.174019380855
1.32001001                    -1.174023049621
1.32011006                    -1.174026712978
1.32021011                    -1.174030371293
1.32031016                    -1.17403402457
1.32041021                    -1.174037672808
1.32051026                    -1.174041316011
1.32061031                    -1.17404495418
1.32071036                    -1.174048587316
1.32081041                    -1.174052215423
1.32091046                    -1.174055838499
1.32101051                    -1.174059456549
1.32111056                    -1.174063069573
1.32121061                    -1.174066677574
1.32131066                    -1.174070280553
1.32141071                    -1.17407387851
1.32151076                    -1.17407747145
1.32161081                    -1.174081059372
1.32171086                    -1.17408464228
1.32181091                    -1.174088220174
1.32191096                    -1.174091793056
1.32201101                    -1.174095360927
1.32211106                    -1.174098923791
1.32221111                    -1.17410248165
1.32231116                    -1.174106034501
1.32241121                    -1.17410958235
1.32251126                    -1.174113125197
1.32261131                    -1.174116663045
1.32271136                    -1.174120195895
1.32281141                    -1.174123723748
1.32291146                    -1.174127246606
1.32301151                    -1.174130764474
1.32311156                    -1.174134277347
1.32321161                    -1.174137785232
1.32331166                    -1.174141288129
1.32341171                    -1.174144786041
1.32351176                    -1.174148278966
1.32361181                    -1.17415176691
1.32371186                    -1.174155249874
1.32381191                    -1.174158727857
1.32391196                    -1.174162200864
1.32401201                    -1.174165668855
1.32411206                    -1.174169131911
1.32421211                    -1.174172589995
1.32431216                    -1.174176043108
1.32441221                    -1.174179491251
1.32451226                    -1.174182934427
1.32461231                    -1.174186372637
1.32471236                    -1.174189805884
1.32481241                    -1.174193234167
1.32491246                    -1.174196657491
1.32501251                    -1.174200075856
1.32511256                    -1.174203489264
1.32521261                    -1.174206897714
1.32531266                    -1.174210301213
1.32541271                    -1.174213699758
1.32551276                    -1.174217093353
1.32561281                    -1.174220482
1.32571286                    -1.1742238657
1.32581291                    -1.174227244454
1.32591296                    -1.174230618265
1.32601301                    -1.174233987133
1.32611306                    -1.174237351062
1.32621311                    -1.174240710051
1.32631316                    -1.174244064103
1.32641321                    -1.174247413221
1.32651326                    -1.174250757406
1.32661331                    -1.174254096657
1.32671336                    -1.174257430979
1.32681341                    -1.174260760372
1.32691346                    -1.174264084839
1.32701351                    -1.174267404381
1.32711356                    -1.174270718924
1.32721361                    -1.174274028621
1.32731366                    -1.174277333397
1.32741371                    -1.174280633256
1.32751376                    -1.174283928196
1.32761381                    -1.174287218222
1.32771386                    -1.174290503335
1.32781391                    -1.174293783536
1.32791396                    -1.174297058828
1.32801401                    -1.17430032921
1.32811406                    -1.174303594686
1.32821411                    -1.174306855257
1.32831416                    -1.174310110925
1.32841421                    -1.17431336169
1.32851426                    -1.174316607557
1.32861431                    -1.174319848525
1.32871436                    -1.174323084596
1.32881441                    -1.174326315773
1.32891446                    -1.174329542057
1.32901451                    -1.174332763448
1.32911456                    -1.174335979951
1.32921461                    -1.174339191563
1.32931466                    -1.174342398291
1.32941471                    -1.174345600133
1.32951476                    -1.174348797092
1.32961481                    -1.174351989169
1.32971486                    -1.174355176367
1.32981491                    -1.174358358686
1.32991496                    -1.174361536131
1.33001501                    -1.174364708698
1.33011506                    -1.174367876393
1.33021511                    -1.174371039217
1.33031516                    -1.17437419717
1.33041521                    -1.174377350255
1.33051526                    -1.174380498474
1.33061531                    -1.174383641828
1.33071536                    -1.174386780319
1.33081541                    -1.174389913948
1.33091546                    -1.174393042718
1.33101551                    -1.17439616663
1.33111556                    -1.174399285684
1.33121561                    -1.174402399883
1.33131566                    -1.17440550923
1.33141571                    -1.174408613726
1.33151576                    -1.174411713369
1.33161581                    -1.174414808166
1.33171586                    -1.174417898117
1.33181591                    -1.174420983222
1.33191596                    -1.174424063484
1.33201601                    -1.174427138904
1.33211606                    -1.174430209485
1.33221611                    -1.174433275228
1.33231616                    -1.174436336133
1.33241621                    -1.174439392203
1.33251626                    -1.174442443441
1.33261631                    -1.174445489846
1.33271636                    -1.174448531422
1.33281641                    -1.174451568169
1.33291646                    -1.17445460009
1.33301651                    -1.174457627186
1.33311656                    -1.174460649458
1.33321661                    -1.174463666907
1.33331666                    -1.174466679538
1.33341671                    -1.174469687349
1.33351676                    -1.174472690345
1.33361681                    -1.174475688523
1.33371686                    -1.17447868189
1.33381691                    -1.174481670444
1.33391696                    -1.174484654188
1.33401701                    -1.174487633123
1.33411706                    -1.174490607252
1.33421711                    -1.174493576575
1.33431716                    -1.174496541095
1.33441721                    -1.174499500812
1.33451726                    -1.17450245573
1.33461731                    -1.174505405848
1.33471736                    -1.17450835117
1.33481741                    -1.174511291696
1.33491746                    -1.174514227428
1.33501751                    -1.174517158369
1.33511756                    -1.174520084518
1.33521761                    -1.174523005878
1.33531766                    -1.174525922452
1.33541771                    -1.174528834241
1.33551776                    -1.174531741244
1.33561781                    -1.174534643465
1.33571786                    -1.174537540908
1.33581791                    -1.174540433568
1.33591796                    -1.174543321454
1.33601801                    -1.174546204561
1.33611806                    -1.174549082896
1.33621811                    -1.174551956459
1.33631816                    -1.174554825249
1.33641821                    -1.174557689271
1.33651826                    -1.174560548526
1.33661831                    -1.174563403014
1.33671836                    -1.174566252738
1.33681841                    -1.174569097699
1.33691846                    -1.1745719379
1.33701851                    -1.17457477334
1.33711856                    -1.174577604024
1.33721861                    -1.174580429951
1.33731866                    -1.174583251122
1.33741871                    -1.174586067542
1.33751876                    -1.174588879211
1.33761881                    -1.174591686129
1.33771886                    -1.174594488298
1.33781891                    -1.174597285723
1.33791896                    -1.174600078401
1.33801901                    -1.174602866338
1.33811906                    -1.174605649531
1.33821911                    -1.174608427985
1.33831916                    -1.174611201701
1.33841921                    -1.17461397068
1.33851926                    -1.174616734925
1.33861931                    -1.174619494435
1.33871936                    -1.174622249214
1.33881941                    -1.174624999264
1.33891946                    -1.174627744583
1.33901951                    -1.174630485176
1.33911956                    -1.174633221045
1.33921961                    -1.174635952188
1.33931966                    -1.17463867861
1.33941971                    -1.174641400313
1.33951976                    -1.174644117294
1.33961981                    -1.174646829559
1.33971986                    -1.17464953711
1.33981991                    -1.174652239945
1.33991996                    -1.174654938069
1.34002001                    -1.17465763148
1.34012006                    -1.174660320183
1.34022011                    -1.17466300418
1.34032016                    -1.174665683469
1.34042021                    -1.174668358054
1.34052026                    -1.174671027936
1.34062031                    -1.174673693119
1.34072036                    -1.1746763536
1.34082041                    -1.17467900938
1.34092046                    -1.174681660467
1.34102051                    -1.174684306861
1.34112056                    -1.174686948528
1.34122061                    -1.174689585536
1.34132066                    -1.174692217854
1.34142071                    -1.174694845485
1.34152076                    -1.174697468429
1.34162081                    -1.174700086686
1.34172086                    -1.174702700261
1.34182091                    -1.174705309156
1.34192096                    -1.174707913367
1.34202101                    -1.174710512902
1.34212106                    -1.174713107759
1.34222111                    -1.17471569794
1.34232116                    -1.174718283448
1.34242121                    -1.174720864283
1.34252126                    -1.174723440449
1.34262131                    -1.174726011943
1.34272136                    -1.174728578772
1.34282141                    -1.174731140934
1.34292146                    -1.174733698432
1.34302151                    -1.174736251268
1.34312156                    -1.174738799442
1.34322161                    -1.174741342956
1.34332166                    -1.174743881814
1.34342171                    -1.174746416014
1.34352176                    -1.17474894556
1.34362181                    -1.174751470453
1.34372186                    -1.174753990695
1.34382191                    -1.174756506286
1.34392196                    -1.174759017229
1.34402201                    -1.174761523526
1.34412206                    -1.174764025177
1.34422211                    -1.174766522186
1.34432216                    -1.174769014551
1.34442221                    -1.174771502276
1.34452226                    -1.174773985361
1.34462231                    -1.174776463812
1.34472236                    -1.174778937625
1.34482241                    -1.174781406805
1.34492246                    -1.174783871352
1.34502251                    -1.174786331269
1.34512256                    -1.174788786558
1.34522261                    -1.174791237217
1.34532266                    -1.17479368325
1.34542271                    -1.17479612466
1.34552276                    -1.174798561446
1.34562281                    -1.174800993611
1.34572286                    -1.174803421156
1.34582291                    -1.174805844084
1.34592296                    -1.174808262394
1.34602301                    -1.174810676091
1.34612306                    -1.174813085173
1.34622311                    -1.174815489643
1.34632316                    -1.174817889467
1.34642321                    -1.174820284717
1.34652326                    -1.174822675363
1.34662331                    -1.174825061401
1.34672336                    -1.174827442785
1.34682341                    -1.174829819619
1.34692346                    -1.174832191849
1.34702351                    -1.174834559482
1.34712356                    -1.174836922517
1.34722361                    -1.174839280956
1.34732366                    -1.1748416348
1.34742371                    -1.174843984052
1.34752376                    -1.174846328712
1.34762381                    -1.174848668782
1.34772386                    -1.174851004265
1.34782391                    -1.174853335161
1.34792396                    -1.174855661471
1.34802401                    -1.174857983199
1.34812406                    -1.174860300343
1.34822411                    -1.174862612909
1.34832416                    -1.174864920895
1.34842421                    -1.174867224303
1.34852426                    -1.174869523136
1.34862431                    -1.174871817397
1.34872436                    -1.174874107082
1.34882441                    -1.174876392198
1.34892446                    -1.174878672746
1.34902451                    -1.174880948724
1.34912456                    -1.174883220137
1.34922461                    -1.174885486984
1.34932466                    -1.174887749269
1.34942471                    -1.174890006993
1.34952476                    -1.174892260155
1.34962481                    -1.17489450876
1.34972486                    -1.174896752808
1.34982491                    -1.174898992301
1.34992496                    -1.17490122724
1.35002501                    -1.174903457627
1.35012506                    -1.174905683463
1.35022511                    -1.174907904751
1.35032516                    -1.17491012149
1.35042521                    -1.174912333684
1.35052526                    -1.174914541334
1.35062531                    -1.17491674444
1.35072536                    -1.174918943007
1.35082541                    -1.174921137032
1.35092546                    -1.174923326519
1.35102551                    -1.174925511471
1.35112556                    -1.174927691886
1.35122561                    -1.174929867769
1.35132566                    -1.17493203912
1.35142571                    -1.17493420594
1.35152576                    -1.174936368231
1.35162581                    -1.174938525995
1.35172586                    -1.174940679234
1.35182591                    -1.174942827949
1.35192596                    -1.174944972141
1.35202601                    -1.174947111811
1.35212606                    -1.174949246963
1.35222611                    -1.174951377597
1.35232616                    -1.174953503713
1.35242621                    -1.174955625315
1.35252626                    -1.174957742404
1.35262631                    -1.174959854983
1.35272636                    -1.174961963049
1.35282641                    -1.174964066607
1.35292646                    -1.174966165659
1.35302651                    -1.174968260204
1.35312656                    -1.174970350246
1.35322661                    -1.174972435784
1.35332666                    -1.174974516823
1.35342671                    -1.174976593363
1.35352676                    -1.174978665403
1.35362681                    -1.174980732947
1.35372686                    -1.174982795998
1.35382691                    -1.174984854554
1.35392696                    -1.174986908619
1.35402701                    -1.174988958194
1.35412706                    -1.174991003281
1.35422711                    -1.17499304388
1.35432716                    -1.174995079994
1.35442721                    -1.174997111624
1.35452726                    -1.174999138771
1.35462731                    -1.175001161438
1.35472736                    -1.175003179625
1.35482741                    -1.175005193335
1.35492746                    -1.175007202567
1.35502751                    -1.175009207327
1.35512756                    -1.175011207611
1.35522761                    -1.175013203425
1.35532766                    -1.175015194769
1.35542771                    -1.175017181642
1.35552776                    -1.17501916405
1.35562781                    -1.175021141992
1.35572786                    -1.175023115471
1.35582791                    -1.175025084485
1.35592796                    -1.17502704904
1.35602801                    -1.175029009137
1.35612806                    -1.175030964772
1.35622811                    -1.175032915953
1.35632816                    -1.17503486268
1.35642821                    -1.175036804952
1.35652826                    -1.175038742773
1.35662831                    -1.175040676145
1.35672836                    -1.175042605066
1.35682841                    -1.175044529541
1.35692846                    -1.175046449571
1.35702851                    -1.175048365155
1.35712856                    -1.175050276298
1.35722861                    -1.175052182999
1.35732866                    -1.17505408526
1.35742871                    -1.175055983085
1.35752876                    -1.175057876471
1.35762881                    -1.175059765424
1.35772886                    -1.175061649942
1.35782891                    -1.17506353003
1.35792896                    -1.175065405685
1.35802901                    -1.175067276912
1.35812906                    -1.175069143712
1.35822911                    -1.175071006086
1.35832916                    -1.175072864036
1.35842921                    -1.175074717563
1.35852926                    -1.175076566668
1.35862931                    -1.175078411354
1.35872936                    -1.175080251622
1.35882941                    -1.175082087472
1.35892946                    -1.175083918907
1.35902951                    -1.17508574593
1.35912956                    -1.175087568539
1.35922961                    -1.175089386737
1.35932966                    -1.175091200528
1.35942971                    -1.17509296158
1.35952976                    -1.175094766421
1.35962981                    -1.175096566856
1.35972986                    -1.175098362891
1.35982991                    -1.175100154523
1.35992996                    -1.175101941757
1.36003002                    -1.17510372477
1.36013007                    -1.17510550321
1.36023012                    -1.175107277253
1.36033017                    -1.175109046903
1.36043022                    -1.175110812162
1.36053027                    -1.175112573029
1.36063032                    -1.175114329509
1.36073037                    -1.1751160816
1.36083042                    -1.175117829306
1.36093047                    -1.175119572628
1.36103052                    -1.175121311567
1.36113057                    -1.175123046124
1.36123062                    -1.175124776301
1.36133067                    -1.175126502101
1.36143072                    -1.175128223522
1.36153077                    -1.17512994057
1.36163082                    -1.175131653242
1.36173087                    -1.175133361543
1.36183092                    -1.175135065473
1.36193097                    -1.175136765033
1.36203102                    -1.175138460227
1.36213107                    -1.175140151052
1.36223112                    -1.175141837513
1.36233117                    -1.175143519612
1.36243122                    -1.175145197349
1.36253127                    -1.175146870725
1.36263132                    -1.175148539741
1.36273137                    -1.175150204402
1.36283142                    -1.175151864706
1.36293147                    -1.175153520656
1.36303152                    -1.175155172252
1.36313157                    -1.175156819498
1.36323162                    -1.175158462395
1.36333167                    -1.175160100941
1.36343172                    -1.175161735141
1.36353177                    -1.175163364997
1.36363182                    -1.175164990509
1.36373187                    -1.175166611677
1.36383192                    -1.175168228505
1.36393197                    -1.175169840995
1.36403202                    -1.175171449146
1.36413207                    -1.175173052961
1.36423212                    -1.175174652439
1.36433217                    -1.175176247586
1.36443222                    -1.175177838399
1.36453227                    -1.175179424883
1.36463232                    -1.175181007038
1.36473237                    -1.175182584866
1.36483242                    -1.175184158367
1.36493247                    -1.175185727543
1.36503252                    -1.175187292397
1.36513257                    -1.17518885293
1.36523262                    -1.175190409142
1.36533267                    -1.175191961036
1.36543272                    -1.175193508612
1.36553277                    -1.175195051875
1.36563282                    -1.175196590821
1.36573287                    -1.175198125455
1.36583292                    -1.17519965578
1.36593297                    -1.175201181793
1.36603302                    -1.175202703499
1.36613307                    -1.175204220897
1.36623312                    -1.175205733991
1.36633317                    -1.175207242781
1.36643322                    -1.175208747268
1.36653327                    -1.175210247455
1.36663332                    -1.175211743342
1.36673337                    -1.175213234933
1.36683342                    -1.175214722226
1.36693347                    -1.175216205226
1.36703352                    -1.17521768393
1.36713357                    -1.175219158344
1.36723362                    -1.175220628468
1.36733367                    -1.175222094301
1.36743372                    -1.175223555847
1.36753377                    -1.175225013109
1.36763382                    -1.175226466085
1.36773387                    -1.175227914777
1.36783392                    -1.175229359189
1.36793397                    -1.175230799321
1.36803402                    -1.175232235173
1.36813407                    -1.175233666749
1.36823412                    -1.175235094048
1.36833417                    -1.175236517073
1.36843422                    -1.175237935828
1.36853427                    -1.175239350308
1.36863432                    -1.17524076052
1.36873437                    -1.175242166463
1.36883442                    -1.17524356814
1.36893447                    -1.175244965552
1.36903452                    -1.175246358699
1.36913457                    -1.175247747583
1.36923462                    -1.175249132207
1.36933467                    -1.175250512572
1.36943472                    -1.175251888677
1.36953477                    -1.175253260528
1.36963482                    -1.175254628121
1.36973487                    -1.175255991461
1.36983492                    -1.175257350551
1.36993497                    -1.175258705387
1.37003502                    -1.175260055977
1.37013507                    -1.175261402317
1.37023512                    -1.17526274441
1.37033517                    -1.175264082261
1.37043522                    -1.175265415866
1.37053527                    -1.17526674523
1.37063532                    -1.175268070352
1.37073537                    -1.175269391238
1.37083542                    -1.175270707883
1.37093547                    -1.175272020293
1.37103552                    -1.175273328469
1.37113557                    -1.175274632411
1.37123562                    -1.175275932123
1.37133567                    -1.175277227602
1.37143572                    -1.175278518853
1.37153577                    -1.175279805877
1.37163582                    -1.175281088676
1.37173587                    -1.175282367249
1.37183592                    -1.175283641598
1.37193597                    -1.175284911728
1.37203602                    -1.175286177636
1.37213607                    -1.175287439327
1.37223612                    -1.175288696798
1.37233617                    -1.175289950055
1.37243622                    -1.175291199098
1.37253627                    -1.175292443926
1.37263632                    -1.175293684544
1.37273637                    -1.175294920952
1.37283642                    -1.175296153151
1.37293647                    -1.175297381143
1.37303652                    -1.17529860493
1.37313657                    -1.175299824512
1.37323662                    -1.175301039892
1.37333667                    -1.17530225107
1.37343672                    -1.175303458048
1.37353677                    -1.175304660827
1.37363682                    -1.175305859411
1.37373687                    -1.175307053797
1.37383692                    -1.175308243991
1.37393697                    -1.175309429991
1.37403702                    -1.1753106118
1.37413707                    -1.175311789419
1.37423712                    -1.17531296285
1.37433717                    -1.175314132095
1.37443722                    -1.175315297153
1.37453727                    -1.175316458027
1.37463732                    -1.175317614719
1.37473737                    -1.175318767231
1.37483742                    -1.175319915561
1.37493747                    -1.175321059713
1.37503752                    -1.175322199689
1.37513757                    -1.17532333549
1.37523762                    -1.175324467117
1.37533767                    -1.17532559457
1.37543772                    -1.175326717853
1.37553777                    -1.175327836965
1.37563782                    -1.175328951912
1.37573787                    -1.175330062689
1.37583792                    -1.175331169301
1.37593797                    -1.175332271751
1.37603802                    -1.175333370036
1.37613807                    -1.175334464162
1.37623812                    -1.175335554127
1.37633817                    -1.175336639934
1.37643822                    -1.175337721586
1.37653827                    -1.17533879908
1.37663832                    -1.175339872421
1.37673837                    -1.17534094161
1.37683842                    -1.175342006648
1.37693847                    -1.175343067536
1.37703852                    -1.175344124275
1.37713857                    -1.175345176867
1.37723862                    -1.175346225315
1.37733867                    -1.175347269619
1.37743872                    -1.17534830978
1.37753877                    -1.1753493458
1.37763882                    -1.175350377681
1.37773887                    -1.175351405423
1.37783892                    -1.175352429028
1.37793897                    -1.175353448498
1.37803902                    -1.175354463834
1.37813907                    -1.175355475038
1.37823912                    -1.175356482109
1.37833917                    -1.175357485053
1.37843922                    -1.175358483867
1.37853927                    -1.175359478553
1.37863932                    -1.175360469116
1.37873937                    -1.175361455554
1.37883942                    -1.175362437868
1.37893947                    -1.175363416063
1.37903952                    -1.175364390138
1.37913957                    -1.175365360092
1.37923962                    -1.175366325933
1.37933967                    -1.175367287655
1.37943972                    -1.175368245264
1.37953977                    -1.175369198762
1.37963982                    -1.175370148147
1.37973987                    -1.175371093422
1.37983992                    -1.175372034588
1.37993997                    -1.17537297165
1.38004002                    -1.175373904604
1.38014007                    -1.175374833453
1.38024012                    -1.1753757582
1.38034017                    -1.175376678846
1.38044022                    -1.175377595393
1.38054027                    -1.175378507839
1.38064032                    -1.175379416189
1.38074037                    -1.175380320443
1.38084042                    -1.175381220605
1.38094047                    -1.175382116671
1.38104052                    -1.175383008646
1.38114057                    -1.175383896531
1.38124062                    -1.175384780329
1.38134067                    -1.175385660039
1.38144072                    -1.175386535661
1.38154077                    -1.1753874072
1.38164082                    -1.175388274656
1.38174087                    -1.17538913803
1.38184092                    -1.175389997323
1.38194097                    -1.175390852539
1.38204102                    -1.175391703676
1.38214107                    -1.175392550737
1.38224112                    -1.175393393724
1.38234117                    -1.175394232638
1.38244122                    -1.175395067479
1.38254127                    -1.17539589825
1.38264132                    -1.175396724952
1.38274137                    -1.175397547587
1.38284142                    -1.175398366155
1.38294147                    -1.175399180657
1.38304152                    -1.175399991098
1.38314157                    -1.175400797474
1.38324162                    -1.175401599792
1.38334167                    -1.175402398048
1.38344172                    -1.175403192248
1.38354177                    -1.175403982392
1.38364182                    -1.175404768479
1.38374187                    -1.175405550513
1.38384192                    -1.175406328425
1.38394197                    -1.175407102357
1.38404202                    -1.175407872238
1.38414207                    -1.175408638071
1.38424212                    -1.175409399857
1.38434217                    -1.175410157598
1.38444222                    -1.175410911296
1.38454227                    -1.17541166095
1.38464232                    -1.175412406562
1.38474237                    -1.175413148136
1.38484242                    -1.175413885672
1.38494247                    -1.175414619169
1.38504252                    -1.175415348632
1.38514257                    -1.17541607406
1.38524262                    -1.175416795455
1.38534267                    -1.17541751282
1.38544272                    -1.175418226152
1.38554277                    -1.175418935457
1.38564282                    -1.175419640736
1.38574287                    -1.175420341987
1.38584292                    -1.175421039215
1.38594297                    -1.175421732418
1.38604302                    -1.1754224216
1.38614307                    -1.175423106763
1.38624312                    -1.175423787905
1.38634317                    -1.17542446503
1.38644322                    -1.175425138138
1.38654327                    -1.175425807233
1.38664332                    -1.175426472313
1.38674337                    -1.175427133382
1.38684342                    -1.175427790439
1.38694347                    -1.175428443487
1.38704352                    -1.175429092529
1.38714357                    -1.175429737561
1.38724362                    -1.175430378591
1.38734367                    -1.175431015615
1.38744372                    -1.175431648636
1.38754377                    -1.175432277658
1.38764382                    -1.175432902679
1.38774387                    -1.175433523702
1.38784392                    -1.175434140727
1.38794397                    -1.175434753759
1.38804402                    -1.175435362794
1.38814407                    -1.175435967837
1.38824412                    -1.175436568889
1.38834417                    -1.17543716595
1.38844422                    -1.175437759025
1.38854427                    -1.175438348109
1.38864432                    -1.175438933208
1.38874437                    -1.175439514323
1.38884442                    -1.175440091456
1.38894447                    -1.175440664606
1.38904452                    -1.175441233774
1.38914457                    -1.175441798966
1.38924462                    -1.175442360178
1.38934467                    -1.175442917414
1.38944472                    -1.175443470674
1.38954477                    -1.175444019962
1.38964482                    -1.175444565278
1.38974487                    -1.175445106621
1.38984492                    -1.175445643995
1.38994497                    -1.175446177402
1.39004502                    -1.175446706841
1.39014507                    -1.175447232315
1.39024512                    -1.175447753825
1.39034517                    -1.175448271372
1.39044522                    -1.17544878493
1.39054527                    -1.175449294555
1.39064532                    -1.175449800222
1.39074537                    -1.175450301931
1.39084542                    -1.175450799686
1.39094547                    -1.175451293485
1.39104552                    -1.175451783331
1.39114557                    -1.175452269225
1.39124562                    -1.175452751169
1.39134567                    -1.175453229162
1.39144572                    -1.175453703209
1.39154577                    -1.17545417331
1.39164582                    -1.175454639464
1.39174587                    -1.175455101675
1.39184592                    -1.175455559944
1.39194597                    -1.175456014273
1.39204602                    -1.17545646466
1.39214607                    -1.17545691111
1.39224612                    -1.175457353624
1.39234617                    -1.1754577922
1.39244622                    -1.175458226844
1.39254627                    -1.175458657553
1.39264632                    -1.175459084332
1.39274637                    -1.17545950718
1.39284642                    -1.1754599261
1.39294647                    -1.175460341091
1.39304652                    -1.175460752157
1.39314657                    -1.175461159299
1.39324662                    -1.175461562516
1.39334667                    -1.175461961813
1.39344672                    -1.175462357187
1.39354677                    -1.175462748641
1.39364682                    -1.17546313618
1.39374687                    -1.1754635198
1.39384692                    -1.175463899505
1.39394697                    -1.175464275297
1.39404702                    -1.175464647176
1.39414707                    -1.175465015143
1.39424712                    -1.175465379199
1.39434717                    -1.175465739348
1.39444722                    -1.17546609559
1.39454727                    -1.175466447926
1.39464732                    -1.175466796356
1.39474737                    -1.175467140883
1.39484742                    -1.175467481509
1.39494747                    -1.175467818234
1.39504752                    -1.17546815106
1.39514757                    -1.175468479988
1.39524762                    -1.175468805019
1.39534767                    -1.175469126156
1.39544772                    -1.175469443398
1.39554777                    -1.175469756749
1.39564782                    -1.175470066207
1.39574787                    -1.175470371775
1.39584792                    -1.175470673456
1.39594797                    -1.175470971249
1.39604802                    -1.175471265155
1.39614807                    -1.175471552012
1.39624812                    -1.175471841292
1.39634817                    -1.175472123549
1.39644822                    -1.175472401927
1.39654827                    -1.175472676424
1.39664832                    -1.175472947044
1.39674837                    -1.175473213788
1.39684842                    -1.175473476656
1.39694847                    -1.175473735651
1.39704852                    -1.175473990772
1.39714857                    -1.175474242024
1.39724862                    -1.175474489405
1.39734867                    -1.175474732918
1.39744872                    -1.175474972562
1.39754877                    -1.175475208342
1.39764882                    -1.175475440257
1.39774887                    -1.175475668308
1.39784892                    -1.175475892497
1.39794897                    -1.175476112827
1.39804902                    -1.175476329298
1.39814907                    -1.175476541909
1.39824912                    -1.175476750664
1.39834917                    -1.175476955566
1.39844922                    -1.175477156612
1.39854927                    -1.175477353806
1.39864932                    -1.175477547148
1.39874937                    -1.17547773664
1.39884942                    -1.175477922284
1.39894947                    -1.175478104081
1.39904952                    -1.175478282031
1.39914957                    -1.175478456138
1.39924962                    -1.1754786264
1.39934967                    -1.175478792821
1.39944972                    -1.175478955401
1.39954977                    -1.175479114142
1.39964982                    -1.175479269043
1.39974987                    -1.17547942011
1.39984992                    -1.17547956734
1.39994997                    -1.175479710737
1.40005003                    -1.175479850313
1.40015008                    -1.175479986046
1.40025013                    -1.175480117947
1.40035018                    -1.17548024602
1.40045023                    -1.175480370264
1.40055028                    -1.175480490683
1.40065033                    -1.175480607278
1.40075038                    -1.175480720028
1.40085043                    -1.175480828976
1.40095048                    -1.175480934103
1.40105053                    -1.175481035412
1.40115058                    -1.175481132901
1.40125063                    -1.175481226573
1.40135068                    -1.17548131643
1.40145073                    -1.175481402472
1.40155078                    -1.175481484702
1.40165083                    -1.175481563119
1.40175088                    -1.175481637727
1.40185093                    -1.175481708525
1.40195098                    -1.175481775514
1.40205103                    -1.175481838699
1.40215108                    -1.175481898077
1.40225113                    -1.175481953653
1.40235118                    -1.175482005423
1.40245123                    -1.175482053393
1.40255128                    -1.175482097566
1.40265133                    -1.175482137936
1.40275138                    -1.175482174511
1.40285143                    -1.175482207289
1.40295148                    -1.175482236274
1.40305153                    -1.175482261464
1.40315158                    -1.175482282863
1.40325163                    -1.175482300469
1.40335168                    -1.175482314288
1.40345173                    -1.175482324318
1.40355178                    -1.17548233056
1.40365183                    -1.175482333017
1.40375188                    -1.17548233169
1.40385193                    -1.17548232658
1.40395198                    -1.175482317688
1.40405203                    -1.175482305015
1.40415208                    -1.175482288564
1.40425213                    -1.175482268334
1.40435218                    -1.175482244302
1.40445223                    -1.17548221652
1.40455228                    -1.175482184965
1.40465233                    -1.175482149637
1.40475238                    -1.175482110538
1.40485243                    -1.175482067668
1.40495248                    -1.175482021031
1.40505253                    -1.175481970625
1.40515258                    -1.175481916453
1.40525263                    -1.175481858517
1.40535268                    -1.175481796816
1.40545273                    -1.175481731354
1.40555278                    -1.175481662131
1.40565283                    -1.175481589147
1.40575288                    -1.175481512407
1.40585293                    -1.175481431907
1.40595298                    -1.175481347652
1.40605303                    -1.175481259644
1.40615308                    -1.175481167881
1.40625313                    -1.175481072368
1.40635318                    -1.175480973102
1.40645323                    -1.175480870088
1.40655328                    -1.175480763326
1.40665333                    -1.175480652816
1.40675338                    -1.175480538561
1.40685343                    -1.175480420566
1.40695348                    -1.175480298825
1.40705353                    -1.17548017334
1.40715358                    -1.175480044116
1.40725363                    -1.175479911153
1.40735368                    -1.175479774452
1.40745373                    -1.175479634015
1.40755378                    -1.175479489842
1.40765383                    -1.175479341935
1.40775388                    -1.175479190296
1.40785393                    -1.175479034927
1.40795398                    -1.175478875825
1.40805403                    -1.175478712995
1.40815408                    -1.175478546439
1.40825413                    -1.175478376155
1.40835418                    -1.175478202148
1.40845423                    -1.175478024416
1.40855428                    -1.17547784296
1.40865433                    -1.175477657786
1.40875438                    -1.175477468889
1.40885443                    -1.175477276275
1.40895448                    -1.175477079944
1.40905453                    -1.175476879897
1.40915458                    -1.175476676135
1.40925463                    -1.175476468659
1.40935468                    -1.175476257471
1.40945473                    -1.175476042573
1.40955478                    -1.175475823964
1.40965483                    -1.175475601647
1.40975488                    -1.175475375623
1.40985493                    -1.175475145894
1.40995498                    -1.175474912461
1.41005503                    -1.175474675324
1.41015508                    -1.175474434483
1.41025513                    -1.175474189944
1.41035518                    -1.175473941703
1.41045523                    -1.175473689765
1.41055528                    -1.175473434132
1.41065533                    -1.175473174801
1.41075538                    -1.175472911776
1.41085543                    -1.175472645058
1.41095548                    -1.175472374649
1.41105553                    -1.175472100548
1.41115558                    -1.175471822759
1.41125563                    -1.175471541281
1.41135568                    -1.175471256117
1.41145573                    -1.175470967268
1.41155578                    -1.175470674733
1.41165583                    -1.175470378516
1.41175588                    -1.175470078617
1.41185593                    -1.175469775038
1.41195598                    -1.17546946778
1.41205603                    -1.175469156843
1.41215608                    -1.175468842232
1.41225613                    -1.175468523942
1.41235618                    -1.175468201981
1.41245623                    -1.175467876344
1.41255628                    -1.175467547038
1.41265633                    -1.175467214062
1.41275638                    -1.175466877415
1.41285643                    -1.175466537101
1.41295648                    -1.175466193121
1.41305653                    -1.175465845474
1.41315658                    -1.175465494165
1.41325663                    -1.175465139192
1.41335668                    -1.175464780558
1.41345673                    -1.175464418263
1.41355678                    -1.17546405231
1.41365683                    -1.175463682698
1.41375688                    -1.175463309431
1.41385693                    -1.175462932508
1.41395698                    -1.175462551932
1.41405703                    -1.175462167702
1.41415708                    -1.175461779821
1.41425713                    -1.17546138829
1.41435718                    -1.17546099311
1.41445723                    -1.175460594283
1.41455728                    -1.175460191809
1.41465733                    -1.175459785689
1.41475738                    -1.175459375926
1.41485743                    -1.17545896252
1.41495748                    -1.175458545473
1.41505753                    -1.175458124785
1.41515758                    -1.175457700459
1.41525763                    -1.175457272495
1.41535768                    -1.175456840893
1.41545773                    -1.175456405659
1.41555778                    -1.175455966788
1.41565783                    -1.175455524285
1.41575788                    -1.175455078152
1.41585793                    -1.175454628388
1.41595798                    -1.175454174923
1.41605803                    -1.175453717903
1.41615808                    -1.175453257255
1.41625813                    -1.175452792983
1.41635818                    -1.175452325088
1.41645823                    -1.175451853568
1.41655828                    -1.175451378427
1.41665833                    -1.175450899668
1.41675838                    -1.175450417287
1.41685843                    -1.175449931291
1.41695848                    -1.175449441675
1.41705853                    -1.175448948445
1.41715858                    -1.175448451602
1.41725863                    -1.175447951145
1.41735868                    -1.175447447078
1.41745873                    -1.1754469394
1.41755878                    -1.175446428113
1.41765883                    -1.175445913218
1.41775888                    -1.175445394716
1.41785893                    -1.17544487261
1.41795898                    -1.175444346899
1.41805903                    -1.175443817585
1.41815908                    -1.175443284669
1.41825913                    -1.175442748154
1.41835918                    -1.175442208039
1.41845923                    -1.175441664326
1.41855928                    -1.175441117016
1.41865933                    -1.175440566112
1.41875938                    -1.175440011613
1.41885943                    -1.17543945352
1.41895948                    -1.175438891838
1.41905953                    -1.175438326563
1.41915958                    -1.175437757699
1.41925963                    -1.175437185248
1.41935968                    -1.175436609209
1.41945973                    -1.175436029586
1.41955978                    -1.175435446376
1.41965983                    -1.175434859585
1.41975988                    -1.175434269213
1.41985993                    -1.175433675258
1.41995998                    -1.175433077724
1.42006003                    -1.175432476612
1.42016008                    -1.175431871925
1.42026013                    -1.17543126366
1.42036018                    -1.175430651821
1.42046023                    -1.175430036409
1.42056028                    -1.175429417425
1.42066033                    -1.17542879487
1.42076038                    -1.175428168746
1.42086043                    -1.175427539053
1.42096048                    -1.175426905793
1.42106053                    -1.175426268967
1.42116058                    -1.175425628578
1.42126063                    -1.175424984623
1.42136068                    -1.175424337108
1.42146073                    -1.175423686029
1.42156078                    -1.175423031393
1.42166083                    -1.175422373198
1.42176088                    -1.175421711444
1.42186093                    -1.175421046135
1.42196098                    -1.175420377271
1.42206103                    -1.175419704854
1.42216108                    -1.175419028884
1.42226113                    -1.175418349362
1.42236118                    -1.175417666291
1.42246123                    -1.175416979671
1.42256128                    -1.175416289503
1.42266133                    -1.175415595714
1.42276138                    -1.175414898456
1.42286143                    -1.175414197652
1.42296148                    -1.175413493308
1.42306153                    -1.175412785419
1.42316158                    -1.175412073992
1.42326163                    -1.175411359026
1.42336168                    -1.175410640521
1.42346173                    -1.175409918481
1.42356178                    -1.175409192903
1.42366183                    -1.175408463792
1.42376188                    -1.17540773115
1.42386193                    -1.175406994973
1.42396198                    -1.175406255267
1.42406203                    -1.175405512032
1.42416208                    -1.175404765269
1.42426213                    -1.175404014978
1.42436218                    -1.175403261162
1.42446223                    -1.175402503832
1.42456228                    -1.175401742968
1.42466233                    -1.175400978582
1.42476238                    -1.175400210675
1.42486243                    -1.175399439248
1.42496248                    -1.175398664303
1.42506253                    -1.175397885841
1.42516258                    -1.175397103862
1.42526263                    -1.175396318369
1.42536268                    -1.175395529362
1.42546273                    -1.175394736843
1.42556278                    -1.175393940813
1.42566283                    -1.175393141273
1.42576288                    -1.175392338222
1.42586293                    -1.175391531667
1.42596298                    -1.175390721603
1.42606303                    -1.175389908035
1.42616308                    -1.175389090962
1.42626313                    -1.175388270387
1.42636318                    -1.175387446311
1.42646323                    -1.175386618733
1.42656328                    -1.175385787658
1.42666333                    -1.175384953083
1.42676338                    -1.175384115012
1.42686343                    -1.175383273446
1.42696348                    -1.175382428385
1.42706353                    -1.175381579831
1.42716358                    -1.175380727786
1.42726363                    -1.17537987225
1.42736368                    -1.175379013223
1.42746373                    -1.17537815071
1.42756378                    -1.175377284707
1.42766383                    -1.175376415219
1.42776388                    -1.175375542248
1.42786393                    -1.175374665791
1.42796398                    -1.175373785853
1.42806403                    -1.175372902434
1.42816408                    -1.175372015515
1.42826413                    -1.175371125136
1.42836418                    -1.175370231281
1.42846423                    -1.17536933395
1.42856428                    -1.175368433142
1.42866433                    -1.175367528861
1.42876438                    -1.175366621106
1.42886443                    -1.175365709881
1.42896448                    -1.175364795185
1.42906453                    -1.17536387702
1.42916458                    -1.175362955386
1.42926463                    -1.175362030286
1.42936468                    -1.175361101721
1.42946473                    -1.17536016969
1.42956478                    -1.175359234197
1.42966483                    -1.175358295242
1.42976488                    -1.175357352825
1.42986493                    -1.175356406949
1.42996498                    -1.175355457615
1.43006503                    -1.175354504824
1.43016508                    -1.175353548575
1.43026513                    -1.175352588872
1.43036518                    -1.175351625716
1.43046523                    -1.175350659106
1.43056528                    -1.175349689047
1.43066533                    -1.175348715535
1.43076538                    -1.175347738576
1.43086543                    -1.175346758169
1.43096548                    -1.175345774313
1.43106553                    -1.175344787014
1.43116558                    -1.17534379627
1.43126563                    -1.175342802084
1.43136568                    -1.175341804454
1.43146573                    -1.175340803384
1.43156578                    -1.175339798875
1.43166583                    -1.175338790928
1.43176588                    -1.175337779544
1.43186593                    -1.175336764722
1.43196598                    -1.175335746468
1.43206603                    -1.175334724779
1.43216608                    -1.175333699658
1.43226613                    -1.175332671104
1.43236618                    -1.175331639122
1.43246623                    -1.17533060371
1.43256628                    -1.17532956487
1.43266633                    -1.175328522605
1.43276638                    -1.175327476913
1.43286643                    -1.175326427797
1.43296648                    -1.17532537526
1.43306653                    -1.175324319298
1.43316658                    -1.175323259917
1.43326663                    -1.175322197117
1.43336668                    -1.175321130898
1.43346673                    -1.175320061262
1.43356678                    -1.175318988211
1.43366683                    -1.175317911744
1.43376688                    -1.175316831863
1.43386693                    -1.175315748571
1.43396698                    -1.175314661867
1.43406703                    -1.175313571754
1.43416708                    -1.17531247823
1.43426713                    -1.175311381299
1.43436718                    -1.175310280963
1.43446723                    -1.175309177219
1.43456728                    -1.175308070074
1.43466733                    -1.175306959523
1.43476738                    -1.175305845571
1.43486743                    -1.17530472822
1.43496748                    -1.175303607467
1.43506753                    -1.175302483316
1.43516758                    -1.175301355769
1.43526763                    -1.175300224826
1.43536768                    -1.175299090486
1.43546773                    -1.175297952754
1.43556778                    -1.175296811629
1.43566783                    -1.175295667113
1.43576788                    -1.175294519206
1.43586793                    -1.175293367911
1.43596798                    -1.175292213228
1.43606803                    -1.175291055158
1.43616808                    -1.175289893703
1.43626813                    -1.175288728863
1.43636818                    -1.175287560639
1.43646823                    -1.175286389033
1.43656828                    -1.175285214046
1.43666833                    -1.175284035681
1.43676838                    -1.175282853936
1.43686843                    -1.175281668814
1.43696848                    -1.175280480282
1.43706853                    -1.175279288408
1.43716858                    -1.175278093161
1.43726863                    -1.17527689454
1.43736868                    -1.17527569255
1.43746873                    -1.175274487113
1.43756878                    -1.175273278382
1.43766883                    -1.175272066282
1.43776888                    -1.175270850816
1.43786893                    -1.175269631984
1.43796898                    -1.175268409787
1.43806903                    -1.175267184227
1.43816908                    -1.175265955304
1.43826913                    -1.17526472302
1.43836918                    -1.175263487377
1.43846923                    -1.175262248374
1.43856928                    -1.175261006012
1.43866933                    -1.175259760295
1.43876938                    -1.175258511222
1.43886943                    -1.175257258797
1.43896948                    -1.175256003015
1.43906953                    -1.175254743883
1.43916958                    -1.1752534814
1.43926963                    -1.175252215569
1.43936968                    -1.175250946387
1.43946973                    -1.175249673858
1.43956978                    -1.175248397984
1.43966983                    -1.175247118764
1.43976988                    -1.175245836201
1.43986993                    -1.175244550294
1.43996998                    -1.175243261046
1.44007004                    -1.175241968329
1.44017009                    -1.175240672401
1.44027014                    -1.175239373133
1.44037019                    -1.175238070531
1.44047024                    -1.175236764592
1.44057029                    -1.175235455317
1.44067034                    -1.175234142711
1.44077039                    -1.17523282677
1.44087044                    -1.175231507499
1.44097049                    -1.175230184898
1.44107054                    -1.175228858968
1.44117059                    -1.17522752971
1.44127064                    -1.175226197125
1.44137069                    -1.175224861214
1.44147074                    -1.175223521979
1.44157079                    -1.175222179423
1.44167084                    -1.175220833542
1.44177089                    -1.17521948434
1.44187094                    -1.175218131819
1.44197099                    -1.175216775981
1.44207104                    -1.175215416823
1.44217109                    -1.175214054349
1.44227114                    -1.175212688562
1.44237119                    -1.175211319457
1.44247124                    -1.175209947043
1.44257129                    -1.175208571314
1.44267134                    -1.175207192275
1.44277139                    -1.175205809928
1.44287144                    -1.175204424271
1.44297149                    -1.175203035307
1.44307154                    -1.175201643037
1.44317159                    -1.175200247463
1.44327164                    -1.175198848583
1.44337169                    -1.175197446402
1.44347174                    -1.175196040919
1.44357179                    -1.175194632135
1.44367184                    -1.175193220052
1.44377189                    -1.175191804673
1.44387194                    -1.175190385994
1.44397199                    -1.17518896402
1.44407204                    -1.175187538751
1.44417209                    -1.175186110189
1.44427214                    -1.175184678333
1.44437219                    -1.175183243187
1.44447224                    -1.175181804751
1.44457229                    -1.175180363025
1.44467234                    -1.175178918012
1.44477239                    -1.17517746971
1.44487244                    -1.175176018125
1.44497249                    -1.175174563253
1.44507254                    -1.1751731051
1.44517259                    -1.175171643662
1.44527264                    -1.175170178944
1.44537269                    -1.175168710947
1.44547274                    -1.175167239669
1.44557279                    -1.175165765115
1.44567284                    -1.175164287284
1.44577289                    -1.175162806176
1.44587294                    -1.175161321795
1.44597299                    -1.175159834141
1.44607304                    -1.175158343213
1.44617309                    -1.175156849015
1.44627314                    -1.175155351548
1.44637319                    -1.17515385081
1.44647324                    -1.175152346806
1.44657329                    -1.175150839535
1.44667334                    -1.175149328998
1.44677339                    -1.175147815199
1.44687344                    -1.175146298134
1.44697349                    -1.175144777808
1.44707354                    -1.175143254221
1.44717359                    -1.175141727376
1.44727364                    -1.175140197599
1.44737369                    -1.175138664236
1.44747374                    -1.175137127616
1.44757379                    -1.175135587741
1.44767384                    -1.175134044614
1.44777389                    -1.175132498231
1.44787394                    -1.175130948597
1.44797399                    -1.175129395712
1.44807404                    -1.175127839579
1.44817409                    -1.175126280195
1.44827414                    -1.175124717564
1.44837419                    -1.175123151688
1.44847424                    -1.175121582566
1.44857429                    -1.1751200102
1.44867434                    -1.17511843459
1.44877439                    -1.17511685574
1.44887444                    -1.175115273648
1.44897449                    -1.175113688316
1.44907454                    -1.175112099747
1.44917459                    -1.175110507939
1.44927464                    -1.175108912895
1.44937469                    -1.175107314617
1.44947474                    -1.175105713103
1.44957479                    -1.175104108358
1.44967484                    -1.175102500379
1.44977489                    -1.175100889171
1.44987494                    -1.175099274734
1.44997499                    -1.175097657066
1.45007504                    -1.175096036172
1.45017509                    -1.175094412051
1.45027514                    -1.175092784707
1.45037519                    -1.175091154136
1.45047524                    -1.175089520344
1.45057529                    -1.175087883329
1.45067534                    -1.175086243094
1.45077539                    -1.17508459964
1.45087544                    -1.175082952966
1.45097549                    -1.175081303075
1.45107554                    -1.175079649968
1.45117559                    -1.175077993647
1.45127564                    -1.17507633411
1.45137569                    -1.175074671361
1.45147574                    -1.1750730054
1.45157579                    -1.175071336227
1.45167584                    -1.175069663847
1.45177589                    -1.175067988257
1.45187594                    -1.175066309459
1.45197599                    -1.175064627456
1.45207604                    -1.175062942246
1.45217609                    -1.175061253833
1.45227614                    -1.175059562216
1.45237619                    -1.175057867398
1.45247624                    -1.175056169379
1.45257629                    -1.175054468161
1.45267634                    -1.175052763744
1.45277639                    -1.175051056128
1.45287644                    -1.175049345317
1.45297649                    -1.175047631311
1.45307654                    -1.175045914111
1.45317659                    -1.175044193716
1.45327664                    -1.175042470131
1.45337669                    -1.175040743356
1.45347674                    -1.175039013388
1.45357679                    -1.175037280234
1.45367684                    -1.17503554389
1.45377689                    -1.175033804361
1.45387694                    -1.175032061647
1.45397699                    -1.175030315747
1.45407704                    -1.175028566665
1.45417709                    -1.175026814401
1.45427714                    -1.175025058957
1.45437719                    -1.17502330033
1.45447724                    -1.175021538527
1.45457729                    -1.175019773545
1.45467734                    -1.175018005386
1.45477739                    -1.175016234054
1.45487744                    -1.17501445949
1.45497749                    -1.175012681808
1.45507754                    -1.175010900954
1.45517759                    -1.17500911693
1.45527764                    -1.175007329734
1.45537769                    -1.17500553937
1.45547774                    -1.175003745837
1.45557779                    -1.175001949139
1.45567784                    -1.175000149275
1.45577789                    -1.174998346246
1.45587794                    -1.174996540053
1.45597799                    -1.1749947307
1.45607804                    -1.174992918182
1.45617809                    -1.174991102506
1.45627814                    -1.17498928367
1.45637819                    -1.174987461676
1.45647824                    -1.174985636526
1.45657829                    -1.174983808219
1.45667834                    -1.174981976758
1.45677839                    -1.174980142142
1.45687844                    -1.174978304375
1.45697849                    -1.174976463456
1.45707854                    -1.174974619386
1.45717859                    -1.174972772167
1.45727864                    -1.174970921801
1.45737869                    -1.174969068286
1.45747874                    -1.174967211625
1.45757879                    -1.174965351821
1.45767884                    -1.17496348887
1.45777889                    -1.174961622778
1.45787894                    -1.174959753546
1.45797899                    -1.17495788117
1.45807904                    -1.174956005656
1.45817909                    -1.174954127003
1.45827914                    -1.174952245214
1.45837919                    -1.174950360286
1.45847924                    -1.174948472225
1.45857929                    -1.17494658103
1.45867934                    -1.1749446867
1.45877939                    -1.174942789238
1.45887944                    -1.174940888647
1.45897949                    -1.174938984925
1.45907954                    -1.174937078074
1.45917959                    -1.174935168098
1.45927964                    -1.174933254992
1.45937969                    -1.174931338761
1.45947974                    -1.174929419406
1.45957979                    -1.174927496929
1.45967984                    -1.174925571328
1.45977989                    -1.174923642606
1.45987994                    -1.174921710765
1.45997999                    -1.174919775805
1.46008004                    -1.174917837725
1.46018009                    -1.174915896529
1.46028014                    -1.174913952217
1.46038019                    -1.174912004793
1.46048024                    -1.174910054251
1.46058029                    -1.174908100599
1.46068034                    -1.174906143835
1.46078039                    -1.17490418396
1.46088044                    -1.174902220976
1.46098049                    -1.174900254885
1.46108054                    -1.174898285685
1.46118059                    -1.174896313379
1.46128064                    -1.174894337952
1.46138069                    -1.174892359438
1.46148074                    -1.17489037782
1.46158079                    -1.174888393101
1.46168084                    -1.17488640528
1.46178089                    -1.17488441436
1.46188094                    -1.174882420343
1.46198099                    -1.174880423225
1.46208104                    -1.174878423013
1.46218109                    -1.174876419704
1.46228114                    -1.174874413303
1.46238119                    -1.174872403806
1.46248124                    -1.174870391218
1.46258129                    -1.174868375539
1.46268134                    -1.174866356702
1.46278139                    -1.174864334843
1.46288144                    -1.174862309897
1.46298149                    -1.174860281863
1.46308154                    -1.174858250745
1.46318159                    -1.174856216541
1.46328164                    -1.174854179253
1.46338169                    -1.174852138883
1.46348174                    -1.17485009543
1.46358179                    -1.174848048898
1.46368184                    -1.174845999287
1.46378189                    -1.174843946596
1.46388194                    -1.174841890828
1.46398199                    -1.174839831985
1.46408204                    -1.174837770065
1.46418209                    -1.174835705072
1.46428214                    -1.174833637006
1.46438219                    -1.174831565869
1.46448224                    -1.174829491659
1.46458229                    -1.17482741438
1.46468234                    -1.174825334033
1.46478239                    -1.174823250616
1.46488244                    -1.174821164133
1.46498249                    -1.174819074552
1.46508254                    -1.17481698194
1.46518259                    -1.174814886263
1.46528264                    -1.174812787526
1.46538269                    -1.174810685725
1.46548274                    -1.174808580865
1.46558279                    -1.174806472945
1.46568284                    -1.174804361968
1.46578289                    -1.174802247932
1.46588294                    -1.174800130841
1.46598299                    -1.174798010695
1.46608304                    -1.174795887495
1.46618309                    -1.174793761242
1.46628314                    -1.174791631938
1.46638319                    -1.174789499581
1.46648324                    -1.174787364175
1.46658329                    -1.174785225721
1.46668334                    -1.174783084219
1.46678339                    -1.17478093967
1.46688344                    -1.174778792076
1.46698349                    -1.174776641437
1.46708354                    -1.174774487756
1.46718359                    -1.17477233103
1.46728364                    -1.174770171265
1.46738369                    -1.174768008458
1.46748374                    -1.174765842613
1.46758379                    -1.174763673729
1.46768384                    -1.174761501809
1.46778389                    -1.174759326852
1.46788394                    -1.17475714886
1.46798399                    -1.174754967835
1.46808404                    -1.174752783775
1.46818409                    -1.174750596684
1.46828414                    -1.174748406562
1.46838419                    -1.174746213412
1.46848424                    -1.174744017231
1.46858429                    -1.174741818023
1.46868434                    -1.17473961579
1.46878439                    -1.174737410528
1.46888444                    -1.174735202244
1.46898449                    -1.174732990936
1.46908454                    -1.174730776605
1.46918459                    -1.174728559254
1.46928464                    -1.174726338881
1.46938469                    -1.174724115489
1.46948474                    -1.174721889079
1.46958479                    -1.174719659651
1.46968484                    -1.174717427208
1.46978489                    -1.17471519175
1.46988494                    -1.174712953277
1.46998499                    -1.174710711791
1.47008504                    -1.174708467293
1.47018509                    -1.174706219785
1.47028514                    -1.174703969267
1.47038519                    -1.174701715738
1.47048524                    -1.174699459203
1.47058529                    -1.174697199661
1.47068534                    -1.174694937113
1.47078539                    -1.17469267156
1.47088544                    -1.174690403004
1.47098549                    -1.174688131445
1.47108554                    -1.174685856848
1.47118559                    -1.174683579286
1.47128564                    -1.174681298725
1.47138569                    -1.174679015166
1.47148574                    -1.174676728611
1.47158579                    -1.174674439056
1.47168584                    -1.174672146508
1.47178589                    -1.174669850965
1.47188594                    -1.174667552429
1.47198599                    -1.174665250901
1.47208604                    -1.174662946382
1.47218609                    -1.174660638872
1.47228614                    -1.174658328373
1.47238619                    -1.174656014887
1.47248624                    -1.174653698412
1.47258629                    -1.174651378952
1.47268634                    -1.174649056506
1.47278639                    -1.174646731077
1.47288644                    -1.174644402665
1.47298649                    -1.174642071272
1.47308654                    -1.174639736896
1.47318659                    -1.174637399543
1.47328664                    -1.174635059208
1.47338669                    -1.174632715897
1.47348674                    -1.174630369609
1.47358679                    -1.174628020345
1.47368684                    -1.174625668107
1.47378689                    -1.174623312895
1.47388694                    -1.17462095471
1.47398699                    -1.174618593553
1.47408704                    -1.174616229426
1.47418709                    -1.17461386233
1.47428714                    -1.174611492265
1.47438719                    -1.174609119233
1.47448724                    -1.174606743235
1.47458729                    -1.174604364195
1.47468734                    -1.174601982266
1.47478739                    -1.174599597375
1.47488744                    -1.17459720952
1.47498749                    -1.174594818704
1.47508754                    -1.17459242493
1.47518759                    -1.174590028193
1.47528764                    -1.1745876285
1.47538769                    -1.174585225849
1.47548774                    -1.174582820243
1.47558779                    -1.17458041168
1.47568784                    -1.174578000164
1.47578789                    -1.174575585694
1.47588794                    -1.174573168273
1.47598799                    -1.1745707479
1.47608804                    -1.174568324578
1.47618809                    -1.174565898306
1.47628814                    -1.174563469087
1.47638819                    -1.17456103692
1.47648824                    -1.174558601808
1.47658829                    -1.17455616375
1.47668834                    -1.174553722748
1.47678839                    -1.174551278804
1.47688844                    -1.174548831918
1.47698849                    -1.174546382091
1.47708854                    -1.174543929325
1.47718859                    -1.17454147362
1.47728864                    -1.174539014975
1.47738869                    -1.174536553396
1.47748874                    -1.174534088879
1.47758879                    -1.17453162143
1.47768884                    -1.174529151044
1.47778889                    -1.174526677727
1.47788894                    -1.174524201479
1.47798899                    -1.174521722299
1.47808904                    -1.17451924019
1.47818909                    -1.174516755153
1.47828914                    -1.174514267187
1.47838919                    -1.174511776295
1.47848924                    -1.174509282478
1.47858929                    -1.174506785736
1.47868934                    -1.17450428607
1.47878939                    -1.174501783482
1.47888944                    -1.174499277973
1.47898949                    -1.174496769543
1.47908954                    -1.174494258195
1.47918959                    -1.174491743925
1.47928964                    -1.17448922674
1.47938969                    -1.174486706638
1.47948974                    -1.174484183622
1.47958979                    -1.174481657689
1.47968984                    -1.174479128844
1.47978989                    -1.174476597087
1.47988994                    -1.174474062418
1.47998999                    -1.174471524838
1.48009005                    -1.174468984096
1.4801901                    -1.174466440699
1.48029015                    -1.174463894394
1.4803902                    -1.174461345183
1.48049025                    -1.174458793067
1.4805903                    -1.174456238046
1.48069035                    -1.174453680123
1.4807904                    -1.174451119297
1.48089045                    -1.17444855557
1.4809905                    -1.174445988941
1.48109055                    -1.174443419415
1.4811906                    -1.17444084699
1.48129065                    -1.174438271668
1.4813907                    -1.174435693448
1.48149075                    -1.174433112335
1.4815908                    -1.174430528326
1.48169085                    -1.174427941425
1.4817909                    -1.174425351631
1.48189095                    -1.174422758947
1.481991                    -1.174420163372
1.48209105                    -1.174417564909
1.4821911                    -1.174414963555
1.48229115                    -1.174412359316
1.4823912                    -1.17440975219
1.48249125                    -1.174407142179
1.4825913                    -1.174404529284
1.48269135                    -1.174401913506
1.4827914                    -1.174399294846
1.48289145                    -1.174396673304
1.4829915                    -1.174394048883
1.48309155                    -1.174391421582
1.4831916                    -1.174388791403
1.48329165                    -1.174386158346
1.4833917                    -1.174383522415
1.48349175                    -1.174380883606
1.4835918                    -1.174378241925
1.48369185                    -1.17437559737
1.4837919                    -1.174372949942
1.48389195                    -1.174370299644
1.483992                    -1.174367646476
1.48409205                    -1.174364990438
1.4841921                    -1.174362331532
1.48429215                    -1.174359669759
1.4843922                    -1.174357005121
1.48449225                    -1.174354337616
1.4845923                    -1.174351667248
1.48469235                    -1.174348994017
1.4847924                    -1.174346317922
1.48489245                    -1.174343638967
1.4849925                    -1.174340957152
1.48509255                    -1.174338272478
1.4851926                    -1.174335584946
1.48529265                    -1.174332894556
1.4853927                    -1.174330201309
1.48549275                    -1.174327505208
1.4855928                    -1.174324806253
1.48569285                    -1.174322104444
1.4857929                    -1.174319399783
1.48589295                    -1.174316692271
1.485993                    -1.174313981909
1.48609305                    -1.174311268698
1.4861931                    -1.174308552637
1.48629315                    -1.174305833731
1.4863932                    -1.174303111977
1.48649325                    -1.174300387378
1.4865933                    -1.174297659935
1.48669335                    -1.174294929648
1.4867934                    -1.17429219652
1.48689345                    -1.17428946055
1.4869935                    -1.174286721739
1.48709355                    -1.17428398009
1.4871936                    -1.174281235603
1.48729365                    -1.174278488276
1.4873937                    -1.174275738115
1.48749375                    -1.174272985117
1.4875938                    -1.174270229285
1.48769385                    -1.174267470621
1.4877939                    -1.174264709123
1.48789395                    -1.174261944794
1.487994                    -1.174259177636
1.48809405                    -1.174256407646
1.4881941                    -1.174253634828
1.48829415                    -1.174250859183
1.4883942                    -1.174248080713
1.48849425                    -1.174245299415
1.4885943                    -1.174242515293
1.48869435                    -1.174239728349
1.4887944                    -1.174236938581
1.48889445                    -1.174234145992
1.4889945                    -1.174231350582
1.48909455                    -1.174228552353
1.4891946                    -1.174225751305
1.48929465                    -1.17422294744
1.4893947                    -1.174220140757
1.48949475                    -1.174217331259
1.4895948                    -1.174214518946
1.48969485                    -1.174211703819
1.4897949                    -1.174208885878
1.48989495                    -1.174206065126
1.489995                    -1.174203241565
1.49009505                    -1.174200415194
1.4901951                    -1.174197585979
1.49029515                    -1.174194753991
1.4903952                    -1.174191919196
1.49049525                    -1.174189081596
1.4905953                    -1.174186241188
1.49069535                    -1.174183397978
1.4907954                    -1.174180551965
1.49089545                    -1.17417770315
1.4909955                    -1.174174851534
1.49109555                    -1.174171997119
1.4911956                    -1.174169139903
1.49129565                    -1.174166279891
1.4913957                    -1.174163417079
1.49149575                    -1.174160551473
1.4915958                    -1.174157683072
1.49169585                    -1.174154811876
1.4917959                    -1.174151937887
1.49189595                    -1.174149061106
1.491996                    -1.174146181535
1.49209605                    -1.174143299171
1.4921961                    -1.174140414018
1.49229615                    -1.174137526078
1.4923962                    -1.174134635352
1.49249625                    -1.174131741836
1.4925963                    -1.174128845537
1.49269635                    -1.174125946453
1.4927964                    -1.174123044585
1.49289645                    -1.174120139935
1.4929965                    -1.174117232504
1.49309655                    -1.174114322292
1.4931966                    -1.1741114093
1.49329665                    -1.17410849353
1.4933967                    -1.174105574982
1.49349675                    -1.174102653658
1.4935968                    -1.174099729557
1.49369685                    -1.174096802682
1.4937969                    -1.174093873033
1.49389695                    -1.174090940611
1.493997                    -1.174088005416
1.49409705                    -1.174085067453
1.4941971                    -1.174082126718
1.49429715                    -1.174079183214
1.4943972                    -1.174076236944
1.49449725                    -1.174073287907
1.4945973                    -1.174070336102
1.49469735                    -1.174067381533
1.4947974                    -1.1740644242
1.49489745                    -1.174061464103
1.4949975                    -1.174058501245
1.49509755                    -1.174055535625
1.4951976                    -1.174052567245
1.49529765                    -1.174049596106
1.4953977                    -1.174046622208
1.49549775                    -1.174043645554
1.4955978                    -1.174040666142
1.49569785                    -1.174037683975
1.4957979                    -1.174034699054
1.49589795                    -1.174031711343
1.495998                    -1.174028720917
1.49609805                    -1.174025727738
1.4961981                    -1.174022731808
1.49629815                    -1.17401973313
1.4963982                    -1.174016731659
1.49649825                    -1.174013727483
1.4965983                    -1.17401072056
1.49669835                    -1.174007710893
1.4967984                    -1.17400469848
1.49689845                    -1.174001683324
1.4969985                    -1.173998665424
1.49709855                    -1.173995644782
1.4971986                    -1.173992621401
1.49729865                    -1.173989595277
1.4973987                    -1.173986566416
1.49749875                    -1.173983534816
1.4975988                    -1.173980500479
1.49769885                    -1.173977463406
1.4977989                    -1.173974423599
1.49789895                    -1.173971381054
1.497999                    -1.173968335779
1.49809905                    -1.173965287771
1.4981991                    -1.17396223703
1.49829915                    -1.17395918356
1.4983992                    -1.17395612736
1.49849925                    -1.173953068433
1.4985993                    -1.173950006775
1.49869935                    -1.173946942393
1.4987994                    -1.173943875286
1.49889945                    -1.173940805451
1.4989995                    -1.173937732894
1.49909955                    -1.173934657614
1.4991996                    -1.173931579613
1.49929965                    -1.173928498891
1.4993997                    -1.173925415447
1.49949975                    -1.173922329286
1.4995998                    -1.173919240406
1.49969985                    -1.173916148809
1.4997999                    -1.173913054496
1.49989995                    -1.173909957468
1.5                    -1.173906857725
