Distance(au)                    Energy(au)
0.65                    -0.84440358205
0.6547                    -0.851646989189
0.6594                    -0.858740106385
0.664                    -0.865540102366
0.6687                    -0.872345929891
0.6734                    -0.879011478636
0.6781                    -0.885539923094
0.6827                    -0.891799672053
0.6874                    -0.898065836135
0.6921                    -0.90420383674
0.6968                    -0.910216525817
0.7015                    -0.916106641096
0.7061                    -0.921755331205
0.7108                    -0.927410759895
0.7155                    -0.932951409357
0.7202                    -0.938379759603
0.7248                    -0.943586195121
0.7295                    -0.948799395481
0.7342                    -0.953907311056
0.7389                    -0.958912177948
0.7435                    -0.963712871102
0.7482                    -0.968520203111
0.7529                    -0.973230816931
0.7576                    -0.977846731396
0.7623                    -0.982369914352
0.7669                    -0.98670891069
0.7716                    -0.991054209805
0.7763                    -0.995312349668
0.781                    -0.999485108494
0.7856                    -1.00348807711
0.7903                    -1.0074969593
0.795                    -1.011425500822
0.7997                    -1.015275312511
0.8044                    -1.0190479666
0.809                    -1.022667115037
0.8137                    -1.026291585027
0.8184                    -1.029843364897
0.8231                    -1.03332388613
0.8277                    -1.036662697592
0.8324                    -1.040006307992
0.8371                    -1.043282732292
0.8418                    -1.046493276589
0.8464                    -1.049572946707
0.8511                    -1.052656867531
0.8558                    -1.055678627168
0.8605                    -1.058639418395
0.8652                    -1.06154040732
0.8698                    -1.064322861538
0.8745                    -1.067108852017
0.8792                    -1.069838359784
0.8839                    -1.072512449788
0.8885                    -1.075076983835
0.8932                    -1.07764446358
0.8979                    -1.08015955931
0.9026                    -1.082623245042
0.9073                    -1.085036473738
0.9119                    -1.087350395329
0.9166                    -1.089666511621
0.9213                    -1.091934889651
0.926                    -1.09415640441
0.9306                    -1.096286098029
0.9353                    -1.098417390156
0.94                    -1.10050431861
0.9447                    -1.102547688394
0.9493                    -1.104506162277
0.954                    -1.106465650391
0.9587                    -1.10838388215
0.9634                    -1.110261599336
0.9681                    -1.112099528587
0.9727                    -1.11386051035
0.9774                    -1.115621794046
0.9821                    -1.117345367368
0.9868                    -1.119031899566
0.9914                    -1.120647310962
0.9961                    -1.122262467632
1.0008                    -1.12384249625
1.0055                    -1.125388013165
1.0102                    -1.126899622146
1.0148                    -1.128346804566
1.0195                    -1.129793051129
1.0242                    -1.131207117248
1.0289                    -1.132589560031
1.0335                    -1.133912493192
1.0382                    -1.135233961773
1.0429                    -1.136525403157
1.0476                    -1.137787332941
1.0523                    -1.139020256895
1.0569                    -1.140199338882
1.0616                    -1.141376321837
1.0663                    -1.142525749997
1.071                    -1.143648092429
1.0756                    -1.144720770695
1.0803                    -1.145790866935
1.085                    -1.146835223992
1.0897                    -1.147854277311
1.0943                    -1.148827557595
1.099                    -1.149797793367
1.1037                    -1.15074397471
1.1084                    -1.15166650541
1.1131                    -1.152565781821
1.1177                    -1.153423781053
1.1224                    -1.154278182176
1.1271                    -1.155110465544
1.1318                    -1.155920998538
1.1364                    -1.156693571766
1.1411                    -1.157462122939
1.1458                    -1.158209978069
1.1505                    -1.158937478118
1.1552                    -1.159644958031
1.1598                    -1.160318315523
1.1645                    -1.160987144259
1.1692                    -1.16163691487
1.1739                    -1.162267938873
1.1785                    -1.162867679036
1.1832                    -1.163462506463
1.1879                    -1.164039484039
1.1926                    -1.16459890261
1.1972                    -1.16512969088
1.2019                    -1.165655202777
1.2066                    -1.166163993042
1.2113                    -1.166656333262
1.216                    -1.167132490661
1.2206                    -1.167583099413
1.2253                    -1.168028004986
1.23                    -1.168457496813
1.2347                    -1.168871824437
1.2393                    -1.16926288875
1.244                    -1.169647929373
1.2487                    -1.170018524003
1.2534                    -1.170374905641
1.2581                    -1.170717303104
1.2627                    -1.171039090828
1.2674                    -1.171354476845
1.2721                    -1.171656537456
1.2768                    -1.171945486258
1.2814                    -1.172215792796
1.2861                    -1.172479412374
1.2908                    -1.172730535125
1.2955                    -1.172969360515
1.3002                    -1.173196084969
1.3048                    -1.173406453485
1.3095                    -1.173609798987
1.3142                    -1.173801609155
1.3189                    -1.173982067604
1.3235                    -1.174147868662
1.3282                    -1.174306395717
1.3329                    -1.174454101617
1.3376                    -1.174591158773
1.3422                    -1.174715151815
1.3469                    -1.174831636016
1.3516                    -1.174937969789
1.3563                    -1.175034315205
1.361                    -1.175120781572
1.3656                    -1.175196086466
1.3703                    -1.175263612458
1.375                    -1.175321772673
1.3797                    -1.175370717222
1.3843                    -1.175409838712
1.389                    -1.175440980999
1.3937                    -1.175463340574
1.3984                    -1.175477058187
1.4031                    -1.175482272305
1.4077                    -1.175479272422
1.4124                    -1.17546805981
1.4171                    -1.175448742945
1.4218                    -1.175421451729
1.4264                    -1.175387142157
1.4311                    -1.175344446064
1.4358                    -1.175294149964
1.4405                    -1.175236375495
1.4451                    -1.175172704317
1.4498                    -1.175100484292
1.4545                    -1.175021137297
1.4592                    -1.17493477808
1.4639                    -1.174841519415
1.4685                    -1.17474367101
1.4732                    -1.174637086033
1.4779                    -1.174523927562
1.4826                    -1.17440430194
1.4872                    -1.174281059947
1.4919                    -1.174148944596
1.4966                    -1.174010669445
1.5013                    -1.173866334881
1.506                    -1.173716039648
1.5106                    -1.173563264066
1.5153                    -1.173401459969
1.52                    -1.173233981265
1.5247                    -1.173060921114
1.5293                    -1.17288622688
1.534                    -1.172702392129
1.5387                    -1.172513245687
1.5434                    -1.172318875419
1.548                    -1.17212366565
1.5527                    -1.171919212791
1.5574                    -1.171709790108
1.5621                    -1.171495480452
1.5668                    -1.171276365209
1.5714                    -1.171057335786
1.5761                    -1.170828946778
1.5808                    -1.170595987445
1.5855                    -1.170358534358
1.5901                    -1.170121854577
1.5948                    -1.169875730565
1.5995                    -1.169625333915
1.6042                    -1.169370736482
1.6089                    -1.169112009157
1.6135                    -1.168854854782
1.6182                    -1.168588160182
1.6229                    -1.168317540322
1.6276                    -1.168043062011
1.6322                    -1.167770750625
1.6369                    -1.167488830062
1.6416                    -1.167203243919
1.6463                    -1.166914054946
1.651                    -1.166621325321
1.6556                    -1.166331454207
1.6603                    -1.166031897673
1.665                    -1.165728979876
1.6697                    -1.165422759504
1.6743                    -1.165119912026
1.679                    -1.164807326157
1.6837                    -1.164491607404
1.6884                    -1.164172811519
1.693                    -1.163857870961
1.6977                    -1.163533145884
1.7024                    -1.163205503988
1.7071                    -1.162874997848
1.7118                    -1.162541679073
1.7164                    -1.162212777792
1.7211                    -1.161874043299
1.7258                    -1.161532645987
1.7305                    -1.161188634606
1.7351                    -1.160849457817
1.7398                    -1.16050041565
1.7445                    -1.160148900649
1.7492                    -1.159794958815
1.7539                    -1.159438635787
1.7585                    -1.15908763128
1.7632                    -1.158726727454
1.7679                    -1.158363573534
1.7726                    -1.157998212178
1.7772                    -1.157638527618
1.7819                    -1.157268921701
1.7866                    -1.1568972317
1.7913                    -1.156523497807
1.7959                    -1.156155774572
1.8006                    -1.155778112299
1.8053                    -1.155398522117
1.81                    -1.155017041711
1.8147                    -1.154633708509
1.8193                    -1.154256772365
1.824                    -1.153869880175
1.8287                    -1.153481242742
1.8334                    -1.153090895037
1.838                    -1.152707229854
1.8427                    -1.152313599604
1.8474                    -1.151918360666
1.8521                    -1.151521546289
1.8568                    -1.151123189175
1.8614                    -1.150731844896
1.8661                    -1.150330529726
1.8708                    -1.14992776666
1.8755                    -1.149523586588
1.8801                    -1.149126663513
1.8848                    -1.148719769478
1.8895                    -1.148311548361
1.8942                    -1.147902029615
1.8988                    -1.14749999535
1.9035                    -1.147087993966
1.9082                    -1.146674780211
1.9129                    -1.146260381862
1.9176                    -1.14584482653
1.9222                    -1.145437018459
1.9269                    -1.145019253567
1.9316                    -1.144600411001
1.9363                    -1.144180517125
1.9409                    -1.143768563848
1.9456                    -1.143346665015
1.9503                    -1.142923790157
1.955                    -1.142499964027
1.9597                    -1.14207521074
1.9643                    -1.141658619878
1.969                    -1.141232101997
1.9737                    -1.14080472703
1.9784                    -1.140376517775
1.983                    -1.139956633134
1.9877                    -1.139526839339
1.9924                    -1.139096276896
1.9971                    -1.138664967611
2.0018                    -1.138232932977
2.0064                    -1.137809407561
2.0111                    -1.137375997703
2.0158                    -1.136941923209
2.0205                    -1.136507204207
2.0251                    -1.136081128933
2.0298                    -1.135645395911
2.0345                    -1.135208869112
2.0392                    -1.134771772075
2.0438                    -1.134343440602
2.0485                    -1.133905269522
2.0532                    -1.133466582598
2.0579                    -1.133027397701
2.0626                    -1.132587732312
2.0672                    -1.132156973055
2.0719                    -1.131716408032
2.0766                    -1.131275413613
2.0813                    -1.130834006564
2.0859                    -1.130401607433
2.0906                    -1.129959432296
2.0953                    -1.129516893022
2.1                    -1.129074005557
2.1047                    -1.128630785494
2.1093                    -1.128196688571
2.114                    -1.127752855927
2.1187                    -1.127308736269
2.1234                    -1.126864344439
2.128                    -1.126429158314
2.1327                    -1.125984270974
2.1374                    -1.125539154568
2.1421                    -1.125093823163
2.1467                    -1.124657771935
2.1514                    -1.124212055734
2.1561                    -1.1237661652
2.1608                    -1.123320113556
2.1655                    -1.122873913952
2.1701                    -1.122437077019
2.1748                    -1.121990622281
2.1795                    -1.121544057306
2.1842                    -1.121097394365
2.1888                    -1.120660151659
2.1935                    -1.120213330335
2.1982                    -1.119766446516
2.2029                    -1.119319511747
2.2076                    -1.118872537383
2.2122                    -1.118435045525
2.2169                    -1.11798802557
2.2216                    -1.117540998836
2.2263                    -1.117093975966
2.2309                    -1.116656478064
2.2356                    -1.116209493648
2.2403                    -1.115762543774
2.245                    -1.115315638771
2.2496                    -1.114878295187
2.2543                    -1.114431507607
2.259                    -1.113984793846
2.2637                    -1.113538163334
2.2684                    -1.113091625395
2.273                    -1.112654686794
2.2777                    -1.112208359121
2.2824                    -1.111762151208
2.2871                    -1.111316071859
2.2917                    -1.110879616452
2.2964                    -1.110433817186
2.3011                    -1.109988172232
2.3058                    -1.109542689992
2.3105                    -1.109097378836
2.3151                    -1.108661715929
2.3198                    -1.108216767317
2.3245                    -1.107772014014
2.3292                    -1.107327463872
2.3338                    -1.106892576474
2.3385                    -1.106448451307
2.3432                    -1.106004552305
2.3479                    -1.105560887063
2.3526                    -1.105117462997
2.3572                    -1.104683714054
2.3619                    -1.104240788726
2.3666                    -1.103798126219
2.3713                    -1.10335573353
2.3759                    -1.102923021446
2.3806                    -1.102481183142
2.3853                    -1.102039635154
2.39                    -1.101598384153
2.3946                    -1.101166815378
2.3993                    -1.10072617134
2.404                    -1.10028584361
2.4087                    -1.099845838478
2.4134                    -1.099406162099
2.418                    -1.098976164722
2.4227                    -1.09853715678
2.4274                    -1.098098495409
2.4321                    -1.097660186489
2.4367                    -1.097231550016
2.4414                    -1.096793955129
2.4461                    -1.096356729344
2.4508                    -1.095919878094
2.4555                    -1.09548340669
2.4601                    -1.095056594751
2.4648                    -1.094620890279
2.4695                    -1.094185580959
2.4742                    -1.093750671748
2.4788                    -1.093325408039
2.4835                    -1.092891304809
2.4882                    -1.092457615943
2.4929                    -1.092024346088
2.4975                    -1.09160070479
2.5022                    -1.091168277305
2.5069                    -1.090736282117
2.5116                    -1.090304723544
2.5163                    -1.089873605767
2.5209                    -1.089452091574
2.5256                    -1.089021858404
2.5303                    -1.088592078259
2.535                    -1.088162755224
2.5396                    -1.087743013071
2.5443                    -1.087314605944
2.549                    -1.086886667383
2.5537                    -1.086459201186
2.5584                    -1.086032210978
2.563                    -1.08561477018
2.5677                    -1.085188732738
2.5724                    -1.084763182045
2.5771                    -1.084338121644
2.5817                    -1.083922583167
2.5864                    -1.083498503063
2.5911                    -1.08307492347
2.5958                    -1.082651847693
2.6005                    -1.082229279037
2.6051                    -1.081816195313
2.6098                    -1.081394639642
2.6145                    -1.080973600649
2.6192                    -1.080553081456
2.6238                    -1.080142015785
2.6285                    -1.079722534204
2.6332                    -1.079303581507
2.6379                    -1.078885160697
2.6425                    -1.078476160287
2.6472                    -1.078058800487
2.6519                    -1.077641981079
2.6566                    -1.077225705011
2.6613                    -1.07680997495
2.6659                    -1.076403621564
2.6706                    -1.075988979927
2.6753                    -1.075574892287
2.68                    -1.07516136124
2.6846                    -1.074757170127
2.6893                    -1.07434474788
2.694                    -1.073932818417
2.6987                    -1.073521537893
2.7034                    -1.073110826398
2.708                    -1.072709406547
2.7127                    -1.0722998274
2.7174                    -1.071890823645
2.7221                    -1.071482397318
2.7267                    -1.07108322202
2.7314                    -1.070675944198
2.7361                    -1.070269249684
2.7408                    -1.069863140364
2.7454                    -1.06946624004
2.7501                    -1.069061293984
2.7548                    -1.068656938606
2.7595                    -1.068253175514
2.7642                    -1.067850006521
2.7688                    -1.067455992445
2.7735                    -1.067054003873
2.7782                    -1.066652614293
2.7829                    -1.066251825345
2.7875                    -1.065860146921
2.7922                    -1.065460551009
2.7969                    -1.065061560386
2.8016                    -1.064663176537
2.8063                    -1.064265400944
2.8109                    -1.063876679053
2.8156                    -1.063480111333
2.8203                    -1.06308415616
2.825                    -1.062688814991
2.8296                    -1.062302481195
2.8343                    -1.061908358994
2.839                    -1.061514854859
2.8437                    -1.061121970064
2.8483                    -1.060738045606
2.853                    -1.060346390325
2.8577                    -1.059955358296
2.8624                    -1.059564950781
2.8671                    -1.059175169022
2.8717                    -1.058794287563
2.8764                    -1.058405747571
2.8811                    -1.058017836911
2.8858                    -1.057630556745
2.8904                    -1.057252128152
2.8951                    -1.056866098865
2.8998                    -1.056480703431
2.9045                    -1.056095942876
2.9092                    -1.055711818285
2.9138                    -1.055336483349
2.9185                    -1.054953620147
2.9232                    -1.0545713959
2.9279                    -1.054189811569
2.9325                    -1.053816966594
2.9372                    -1.053436651219
2.9419                    -1.053056978479
2.9466                    -1.052677949237
2.9513                    -1.052299564307
2.9559                    -1.051929854802
2.9606                    -1.051552747207
2.9653                    -1.05117628622
2.97                    -1.050800472647
2.9746                    -1.050433282697
2.9793                    -1.05005875222
2.984                    -1.049684871162
2.9887                    -1.049311640151
2.9933                    -1.048946980258
2.998                    -1.048575037272
3.0027                    -1.048203746063
3.0074                    -1.04783310716
3.0121                    -1.047463121068
3.0167                    -1.047101639609
3.0214                    -1.046732946645
3.0261                    -1.04636490786
3.0308                    -1.045997523664
3.0354                    -1.045638590378
3.0401                    -1.045272502564
3.0448                    -1.044907070445
3.0495                    -1.044542294334
3.0542                    -1.044178174568
3.0588                    -1.043822437846
3.0635                    -1.043459617594
3.0682                    -1.04309745451
3.0729                    -1.042735948814
3.0775                    -1.042382771488
3.0822                    -1.04202256716
3.0869                    -1.041663020883
3.0916                    -1.041304132725
3.0962                    -1.040953517949
3.1009                    -1.040595932664
3.1056                    -1.040239006006
3.1103                    -1.039882738115
3.115                    -1.039527129116
3.1196                    -1.039179724384
3.1243                    -1.038825419474
3.129                    -1.03847177377
3.1337                    -1.038118787332
3.1383                    -1.037773949731
3.143                    -1.037422268103
3.1477                    -1.037071245966
3.1524                    -1.036720883413
3.1571                    -1.03637118048
3.1617                    -1.036029556795
3.1664                    -1.035681159177
3.1711                    -1.035333421326
3.1758                    -1.034986343251
3.1804                    -1.034647288709
3.1851                    -1.034301516216
3.1898                    -1.03395640356
3.1945                    -1.033611950695
3.1991                    -1.033275465598
3.2038                    -1.032932318432
3.2085                    -1.032589831097
3.2132                    -1.032248003588
3.2179                    -1.031906835883
3.2225                    -1.031573565914
3.2272                    -1.031233703694
3.2319                    -1.030894501184
3.2366                    -1.030555958335
3.2412                    -1.030225257235
3.2459                    -1.029888019487
3.2506                    -1.029551441223
3.2553                    -1.029215522389
3.26                    -1.028880262874
3.2646                    -1.028552774866
3.2693                    -1.028218819678
3.274                    -1.027885523503
3.2787                    -1.027552886224
3.2833                    -1.027227964227
3.288                    -1.026896630328
3.2927                    -1.02656595491
3.2974                    -1.026235937811
3.3021                    -1.025906578861
3.3067                    -1.025584864663
3.3114                    -1.02525680746
3.3161                    -1.02492940783
3.3208                    -1.024602665535
3.3254                    -1.024283511536
3.3301                    -1.023958069258
3.3348                    -1.023633283678
3.3395                    -1.023309154453
3.3441                    -1.022992556931
3.3488                    -1.0226697257
3.3535                    -1.022347550002
3.3582                    -1.022026029528
3.3629                    -1.021705210754
3.3675                    -1.021391809764
3.3722                    -1.02107224223
3.3769                    -1.020753327796
3.3816                    -1.020435066065
3.3862                    -1.020124207543
3.3909                    -1.019807236242
3.3956                    -1.019490916473
3.4003                    -1.019175247889
3.405                    -1.018860230062
3.4096                    -1.018552544466
3.4143                    -1.018238813106
3.419                    -1.017925731277
3.4237                    -1.017613298567
3.4283                    -1.017308141508
3.433                    -1.016996991909
3.4377                    -1.016686490245
3.4424                    -1.016376636014
3.447                    -1.016074000923
3.4517                    -1.0157654265
3.4564                    -1.015457498158
3.4611                    -1.01515021555
3.4658                    -1.014843578174
3.4704                    -1.014544089353
3.4751                    -1.014238727385
3.4798                    -1.013934009297
3.4845                    -1.013629934625
3.4891                    -1.013332952187
3.4938                    -1.01303014927
3.4985                    -1.01272798836
3.5032                    -1.01242646897
3.5079                    -1.012125590616
3.5125                    -1.011831734177
3.5172                    -1.011532122771
3.5219                    -1.01123315089
3.5266                    -1.010934818078
3.5312                    -1.010643451052
3.5359                    -1.010346381156
3.5406                    -1.010049948739
3.5453                    -1.00975415325
3.5499                    -1.009465267506
3.5546                    -1.009170730713
3.5593                    -1.008876829204
3.564                    -1.00858356242
3.5687                    -1.008290929777
3.5733                    -1.008005136853
3.578                    -1.00771375729
3.5827                    -1.007423010118
3.5874                    -1.007132894731
3.592                    -1.006849563188
3.5967                    -1.006560696095
3.6014                    -1.006272458962
3.6061                    -1.005984851129
3.6108                    -1.005697871897
3.6154                    -1.005417606762
3.6201                    -1.005131869572
3.6248                    -1.004846759066
3.6295                    -1.004562274572
3.6341                    -1.004284448456
3.6388                    -1.004001200649
3.6435                    -1.0037185768
3.6482                    -1.00343657621
3.6529                    -1.003155198161
3.6575                    -1.00288040901
3.6622                    -1.00260026069
3.6669                    -1.00232073276
3.6716                    -1.002041824485
3.6762                    -1.001769449735
3.6809                    -1.001491765395
3.6856                    -1.001214698484
3.6903                    -1.000938248227
3.6949                    -1.000668276292
3.6996                    -1.000393044006
3.7043                    -1.000118426104
3.709                    -0.999844421803
3.7137                    -0.99957103032
3.7183                    -0.999304048321
3.723                    -0.99903186712
3.7277                    -0.998760296365
3.7324                    -0.998489335297
3.737                    -0.998224728943
3.7417                    -0.997954971885
3.7464                    -0.997685822069
3.7511                    -0.997417278757
3.7558                    -0.997149341051
3.7604                    -0.996887689874
3.7651                    -0.996620948188
3.7698                    -0.996354809772
3.7745                    -0.996089273754
3.7791                    -0.995829969967
3.7838                    -0.995565623522
3.7885                    -0.995301877035
3.7932                    -0.995038729683
3.7978                    -0.994781760569
3.8025                    -0.994519796307
3.8072                    -0.994258428713
3.8119                    -0.993997656955
3.8166                    -0.993737480243
3.8212                    -0.99348341457
3.8259                    -0.993224412794
3.8306                    -0.992966003551
3.8353                    -0.992708186045
3.8399                    -0.992456426184
3.8446                    -0.992199777076
3.8493                    -0.991943717212
3.854                    -0.991688245747
3.8587                    -0.991433361873
3.8633                    -0.991184469221
3.868                    -0.990930745545
3.8727                    -0.990677606964
3.8774                    -0.990425052643
3.882                    -0.99017843672
3.8867                    -0.989927036018
3.8914                    -0.989676217077
3.8961                    -0.989425979061
3.9008                    -0.989176321123
3.9054                    -0.98893253595
3.9101                    -0.988684023354
3.9148                    -0.988436088329
3.9195                    -0.988188730013
3.9241                    -0.987947192288
3.9288                    -0.98770097266
3.9335                    -0.987455327222
3.9382                    -0.987210255121
3.9428                    -0.986970951666
3.9475                    -0.986727011507
3.9522                    -0.986483642101
3.9569                    -0.986240842628
3.9616                    -0.985998612199
3.9662                    -0.985762085781
3.9709                    -0.98552097876
3.9756                    -0.985280438183
3.9803                    -0.985040463144
3.9849                    -0.984806140774
3.9896                    -0.984567282246
3.9943                    -0.984328986641
3.999                    -0.984091253068
4.0037                    -0.983854080628
4.0083                    -0.983622496897
4.013                    -0.983386432131
4.0177                    -0.983150925808
4.0224                    -0.982915977015
4.027                    -0.982686756617
4.0317                    -0.982452918648
4.0364                    -0.982219634719
4.0411                    -0.981986903834
4.0457                    -0.98175965922
4.0504                    -0.981528019814
4.0551                    -0.981296930535
4.0598                    -0.981066390501
4.0645                    -0.980836398707
4.0691                    -0.980611830297
4.0738                    -0.980382920481
4.0785                    -0.980154556036
4.0832                    -0.979926736001
4.0878                    -0.979704289434
4.0925                    -0.9794775438
4.0972                    -0.979251339705
4.1019                    -0.979025676202
4.1066                    -0.978800552303
4.1112                    -0.978580739896
4.1159                    -0.978356680958
4.1206                    -0.978133158789
4.1253                    -0.977910172416
4.1299                    -0.977692448363
4.1346                    -0.977470519412
4.1393                    -0.977249123429
4.144                    -0.97702825946
4.1486                    -0.976812608952
4.1533                    -0.976592794886
4.158                    -0.976373509998
4.1627                    -0.976154753341
4.1674                    -0.975936523964
4.172                    -0.975723447433
4.1767                    -0.975506258593
4.1814                    -0.975289594177
4.1861                    -0.9750734533
4.1907                    -0.974862417174
4.1954                    -0.974647309385
4.2001                    -0.974432722285
4.2048                    -0.974218654929
4.2095                    -0.974005106373
4.2141                    -0.973796602853
4.2188                    -0.973584078059
4.2235                    -0.973372069259
4.2282                    -0.973160575495
4.2328                    -0.972954079406
4.2375                    -0.972743601972
4.2422                    -0.972533636757
4.2469                    -0.972324182814
4.2516                    -0.972115239196
4.2562                    -0.971911234408
4.2609                    -0.971703297784
4.2656                    -0.971495868656
4.2703                    -0.971288946073
4.2749                    -0.971086915677
4.2796                    -0.9708809926
4.2843                    -0.970675573212
4.289                    -0.970470656595
4.2936                    -0.970270585805
4.2983                    -0.970066661173
4.303                    -0.96986323644
4.3077                    -0.969660310645
4.3124                    -0.969457882825
4.317                    -0.969260243255
4.3217                    -0.96905879795
4.3264                    -0.968857847747
4.3311                    -0.968657391679
4.3357                    -0.968461678179
4.3404                    -0.968262197008
4.3451                    -0.968063207064
4.3498                    -0.967864707402
4.3545                    -0.967666697031
4.3591                    -0.967473372492
4.3638                    -0.96727632737
4.3685                    -0.967079768658
4.3732                    -0.966883695334
4.3778                    -0.966692262845
4.3825                    -0.966497147072
4.3872                    -0.966302513755
4.3919                    -0.966108361906
4.3965                    -0.965918806209
4.4012                    -0.965725604139
4.4059                    -0.965532880589
4.4106                    -0.965340634566
4.4153                    -0.96514886508
4.4199                    -0.964961636274
4.4246                    -0.964770806791
4.4293                    -0.964580450881
4.434                    -0.964390567549
4.4386                    -0.964205180932
4.4433                    -0.964016229763
4.448                    -0.963827748203
4.4527                    -0.963639735254
4.4574                    -0.96345218992
4.462                    -0.963269086749
4.4667                    -0.963082463754
4.4714                    -0.962896305399
4.4761                    -0.962710610696
4.4807                    -0.962529314938
4.4854                    -0.962344534722
4.4901                    -0.962160215187
4.4948                    -0.961976355337
4.4994                    -0.961796851561
4.5041                    -0.961613898352
4.5088                    -0.961431401892
4.5135                    -0.961249361162
4.5182                    -0.961067775177
4.5228                    -0.960890492109
4.5275                    -0.960709803004
4.5322                    -0.960529565725
4.5369                    -0.960349779265
4.5415                    -0.960174253605
4.5462                    -0.959995356295
4.5509                    -0.959816906865
4.5556                    -0.959638904368
4.5603                    -0.959461347813
4.5649                    -0.959287999934
4.5696                    -0.959111322897
4.5743                    -0.958935088703
4.579                    -0.958759296818
4.5836                    -0.958587672334
4.5883                    -0.958412752371
4.593                    -0.958238271627
4.5977                    -0.958064229145
4.6024                    -0.95789062397
4.607                    -0.957721135038
4.6117                    -0.957548392367
4.6164                    -0.957376084173
4.6211                    -0.957204209509
4.6257                    -0.957036410639
4.6304                    -0.956865391028
4.6351                    -0.956694802161
4.6398                    -0.956524643092
4.6444                    -0.95635851971
4.6491                    -0.956189208348
4.6538                    -0.956020324013
4.6585                    -0.955851865785
4.6632                    -0.955683832728
4.6678                    -0.955519785673
4.6725                    -0.955352591235
4.6772                    -0.95518579583
4.6819                    -0.955019446054
4.6865                    -0.954857042925
4.6912                    -0.954691524522
4.6959                    -0.954526178497
4.7006                    -0.954361507121
4.7053                    -0.954197253466
4.7099                    -0.95403689816
4.7146                    -0.95387346832
4.7193                    -0.953710453434
4.724                    -0.95354785257
4.7286                    -0.95338911131
4.7333                    -0.953227326947
4.738                    -0.953065953842
4.7427                    -0.952904991067
4.7473                    -0.952747849467
4.752                    -0.952587695889
4.7567                    -0.952427949881
4.7614                    -0.952268610517
4.7661                    -0.952109676873
4.7707                    -0.951954516772
4.7754                    -0.951796383214
4.7801                    -0.951638652628
4.7848                    -0.951481324093
4.7894                    -0.951327731399
4.7941                    -0.951171195701
4.7988                    -0.95101505932
4.8035                    -0.950859321335
4.8082                    -0.950703980837
4.8128                    -0.950552329468
4.8175                    -0.950397772793
4.8222                    -0.95024361089
4.8269                    -0.950089842833
4.8315                    -0.94993972696
4.8362                    -0.949786735592
4.8409                    -0.94963413539
4.8456                    -0.949481925456
4.8503                    -0.949330104889
4.8549                    -0.949181890714
4.8596                    -0.949030837959
4.8643                    -0.948880171882
4.869                    -0.948729891644
4.8736                    -0.948583181589
4.8783                    -0.948433662137
4.883                    -0.948284525872
4.8877                    -0.948135771901
4.8923                    -0.947990552243
4.897                    -0.947842552128
4.9017                    -0.947694931714
4.9064                    -0.94754769011
4.9111                    -0.947400826451
4.9157                    -0.947257452688
4.9204                    -0.947111334333
4.9251                    -0.946965591354
4.9298                    -0.946820222895
4.9344                    -0.946678309198
4.9391                    -0.946533679292
4.9438                    -0.946389421367
4.9485                    -0.946245534576
4.9532                    -0.946102018075
4.9578                    -0.945961912852
4.9625                    -0.945819126576
4.9672                    -0.945676708092
4.9719                    -0.945534656567
4.9765                    -0.945395981947
4.9812                    -0.945254654095
4.9859                    -0.9451136907
4.9906                    -0.944973090996
4.9952                    -0.944835834126
4.9999                    -0.944695951615
5.0046                    -0.944556430335
5.0093                    -0.944417270856
5.014                    -0.944278469571
5.0186                    -0.944142968949
5.0233                    -0.944004876861
5.028                    -0.943867141992
5.0327                    -0.943729763537
5.0373                    -0.943595652381
5.042                    -0.943458976825
5.0467                    -0.943322655313
5.0514                    -0.943186687054
5.0561                    -0.943051071258
5.0607                    -0.942918681443
5.0654                    -0.942783760756
5.0701                    -0.942649190193
5.0748                    -0.942514968971
5.0794                    -0.942383941042
5.0841                    -0.942250408777
5.0888                    -0.942117223531
5.0935                    -0.941984384536
5.0981                    -0.941854706436
5.1028                    -0.941722550294
5.1075                    -0.941590738104
5.1122                    -0.941459269087
5.1169                    -0.941328142472
5.1215                    -0.941200136624
5.1262                    -0.941069685305
5.1309                    -0.940939574121
5.1356                    -0.940809802307
5.1402                    -0.940683119481
5.1449                    -0.940554016946
5.1496                    -0.940425251519
5.1543                    -0.940296822434
5.159                    -0.940168728942
5.1636                    -0.940043685071
5.1683                    -0.939916253384
5.173                    -0.939789155041
5.1777                    -0.93966238928
5.1823                    -0.939538641984
5.187                    -0.939412532095
5.1917                    -0.939286752543
5.1964                    -0.939161302587
5.2011                    -0.93903618147
5.2057                    -0.93891404018
5.2104                    -0.938789567531
5.2151                    -0.93866542149
5.2198                    -0.938541601302
5.2244                    -0.938420730399
5.2291                    -0.938297552788
5.2338                    -0.938174698807
5.2385                    -0.938052167712
5.2431                    -0.93793255559
5.2478                    -0.937810661169
5.2525                    -0.937689087433
5.2572                    -0.937567833615
5.2619                    -0.937446898972
5.2665                    -0.93732884575
5.2712                    -0.937208540473
5.2759                    -0.937088552158
5.2806                    -0.936968880065
5.2852                    -0.936852059671
5.2899                    -0.936733011106
5.2946                    -0.936614276557
5.2993                    -0.936495855284
5.304                    -0.936377746559
5.3086                    -0.936262452705
5.3133                    -0.936144960227
5.318                    -0.936027778094
5.3227                    -0.935910905572
5.3273                    -0.93579681879
5.332                    -0.935680556737
5.3367                    -0.935564602109
5.3414                    -0.935448954176
5.346                    -0.935336063112
5.3507                    -0.935221019888
5.3554                    -0.935106281189
5.3601                    -0.934991998241
5.3648                    -0.934877850673
5.3694                    -0.934766424234
5.3741                    -0.93465287362
5.3788                    -0.934539623673
5.3835                    -0.934426673706
5.3881                    -0.934316416751
5.3928                    -0.93420405836
5.3975                    -0.934091997922
5.4022                    -0.933980234765
5.4069                    -0.933868768213
5.4115                    -0.933759959851
5.4162                    -0.933649078189
5.4209                    -0.933538491157
5.4256                    -0.933428198057
5.4302                    -0.933320535598
5.4349                    -0.933210822146
5.4396                    -0.933101400644
5.4443                    -0.93299227043
5.4489                    -0.932885743553
5.4536                    -0.932777187763
5.4583                    -0.932668921292
5.463                    -0.932560943477
5.4677                    -0.932453253665
5.4723                    -0.932348133369
5.477                    -0.932241011501
5.4817                    -0.932134175677
5.4864                    -0.932027625251
5.491                    -0.931923617579
5.4957                    -0.931817629948
5.5004                    -0.931711925771
5.5051                    -0.931606504397
5.5098                    -0.931501365178
5.5144                    -0.931398735549
5.5191                    -0.93129415272
5.5238                    -0.931189850105
5.5285                    -0.931085827074
5.5331                    -0.930984287397
5.5378                    -0.930880815665
5.5425                    -0.930777621592
5.5472                    -0.930674704523
5.5519                    -0.930572063808
5.5565                    -0.930471873943
5.5612                    -0.930369778198
5.5659                    -0.930267956905
5.5706                    -0.930166409419
5.5752                    -0.93006728703
5.5799                    -0.929966279453
5.5846                    -0.929865543777
5.5893                    -0.929765079366
5.5939                    -0.929667014546
5.5986                    -0.929567085007
5.6033                    -0.929467424833
5.608                    -0.929368033385
5.6127                    -0.929268910023
5.6173                    -0.929172154656
5.622                    -0.929073559896
5.6267                    -0.928975231335
5.6314                    -0.928877168339
5.636                    -0.928781448331
5.6407                    -0.928683908943
5.6454                    -0.928586633237
5.6501                    -0.928489620578
5.6548                    -0.928392870339
5.6594                    -0.928298432108
5.6641                    -0.92820219927
5.6688                    -0.928106226968
5.6735                    -0.928010514585
5.6781                    -0.927917089709
5.6828                    -0.927821889783
5.6875                    -0.927726947905
5.6922                    -0.927632263457
5.6968                    -0.927539842244
5.7015                    -0.927445665342
5.7062                    -0.927351744015
5.7109                    -0.927258077645
5.7156                    -0.927164665611
5.7202                    -0.927073486755
5.7249                    -0.926980576165
5.7296                    -0.926887918077
5.7343                    -0.926795511875
5.7389                    -0.92670531508
5.7436                    -0.926613405475
5.7483                    -0.92652174595
5.753                    -0.926430335875
5.7577                    -0.92633917465
5.7623                    -0.926250193403
5.767                    -0.926159522788
5.7717                    -0.926069099219
5.7764                    -0.925978922096
5.781                    -0.92589090169
5.7857                    -0.925801210443
5.7904                    -0.925711763849
5.7951                    -0.92562256132
5.7997                    -0.925535492476
5.8044                    -0.925446771129
5.8091                    -0.925358292079
5.8138                    -0.925270054739
5.8185                    -0.925182058514
5.8231                    -0.925096167467
5.8278                    -0.925008646629
5.8325                    -0.92492136517
5.8372                    -0.924834322504
5.8418                    -0.924749362486
5.8465                    -0.924662790632
5.8512                    -0.924576455856
5.8559                    -0.924490357568
5.8606                    -0.924404495225
5.8652                    -0.924320687648
5.8699                    -0.924235290468
5.8746                    -0.924150127524
5.8793                    -0.924065198252
5.8839                    -0.923982301709
5.8886                    -0.923897833152
5.8933                    -0.923813596594
5.898                    -0.923729591462
5.9027                    -0.923645817236
5.9073                    -0.923564048477
5.912                    -0.923480729477
5.9167                    -0.923397639718
5.9214                    -0.923314778651
5.926                    -0.923233901504
5.9307                    -0.923151491342
5.9354                    -0.923069308249
5.9401                    -0.922987351682
5.9447                    -0.922907357701
5.9494                    -0.922825847773
5.9541                    -0.922744562769
5.9588                    -0.922663502156
5.9635                    -0.922582665391
5.9681                    -0.922503764808
5.9728                    -0.92242336942
5.9775                    -0.922343196304
5.9822                    -0.922263244943
5.9868                    -0.922185208888
5.9915                    -0.922105694758
5.9962                    -0.922026406031
6.0009                    -0.921947331618
6.0056                    -0.921868476355
6.0102                    -0.921791510572
6.0149                    -0.921713087418
6.0196                    -0.921634881876
6.0243                    -0.921556893433
6.0289                    -0.921480595243
6.0336                    -0.921403048945
6.0383                    -0.921325718506
6.043                    -0.921248603391
6.0476                    -0.921173337011
6.0523                    -0.921096646391
6.057                    -0.92102016951
6.0617                    -0.920943905835
6.0664                    -0.920867854837
6.071                    -0.920793627374
6.0757                    -0.920717995651
6.0804                    -0.920642575027
6.0851                    -0.920567364985
6.0897                    -0.920493958559
6.0944                    -0.920419163651
6.0991                    -0.920344577763
6.1038                    -0.920270200362
6.1085                    -0.920196030949
6.1131                    -0.920123640497
6.1178                    -0.920049881088
6.1225                    -0.919976328118
6.1272                    -0.91990298106
6.1318                    -0.919831393484
6.1365                    -0.91975845238
6.1412                    -0.919685715671
6.1459                    -0.919613182843
6.1506                    -0.919540853391
6.1552                    -0.919470259307
6.1599                    -0.919398330783
6.1646                    -0.919326604129
6.1693                    -0.91925507884
6.1739                    -0.919185269866
6.1786                    -0.919114141543
6.1833                    -0.919043213095
6.188                    -0.918972484023
6.1926                    -0.918903452407
6.1973                    -0.918833116385
6.202                    -0.918762978266
6.2067                    -0.918693037561
6.2114                    -0.918623293771
6.216                    -0.918555224106
6.2207                    -0.918485868531
6.2254                    -0.918416708416
6.2301                    -0.918347743298
6.2347                    -0.918280433862
6.2394                    -0.918211853141
6.2441                    -0.918143465969
6.2488                    -0.918075271869
6.2535                    -0.918007270365
6.2581                    -0.917940901735
6.2628                    -0.917873279922
6.2675                    -0.917805849292
6.2722                    -0.917738609372
6.2768                    -0.917672984309
6.2815                    -0.917606120369
6.2862                    -0.917539445748
6.2909                    -0.917472959979
6.2955                    -0.917408071222
6.3002                    -0.917341957766
6.3049                    -0.917276031786
6.3096                    -0.917210292817
6.3143                    -0.917144740401
6.3189                    -0.917080762919
6.3236                    -0.917015578293
6.3283                    -0.916950578862
6.333                    -0.916885764172
6.3376                    -0.916822506969
6.3423                    -0.916758056496
6.347                    -0.916693789417
6.3517                    -0.916629705284
6.3564                    -0.916565803653
6.361                    -0.91650343792
6.3657                    -0.916439896087
6.3704                    -0.916376535427
6.3751                    -0.916313355495
6.3797                    -0.916251694394
6.3844                    -0.916188870771
6.3891                    -0.916126226561
6.3938                    -0.916063761326
6.3984                    -0.91600279802
6.4031                    -0.915940685633
6.4078                    -0.915878750919
6.4125                    -0.915816993442
6.4172                    -0.915755412765
6.4218                    -0.915695313098
6.4265                    -0.91563408099
6.4312                    -0.915573024389
6.4359                    -0.915512142874
6.4405                    -0.91545272583
6.4452                    -0.915392189488
6.4499                    -0.915331826951
6.4546                    -0.915271637792
6.4593                    -0.915211621579
6.4639                    -0.915153049361
6.4686                    -0.915093379046
6.4733                    -0.91503387537
6.478                    -0.914974542958
6.4826                    -0.914916638366
6.4873                    -0.914857643593
6.492                    -0.914798818828
6.4967                    -0.914740163644
6.5014                    -0.914681677629
6.506                    -0.9146245994
6.5107                    -0.914566446884
6.5154                    -0.914508462287
6.5201                    -0.914450645193
6.5247                    -0.914394220044
6.5294                    -0.914336733163
6.5341                    -0.914279412546
6.5388                    -0.914222257777
6.5434                    -0.914166479261
6.5481                    -0.914109651441
6.5528                    -0.914052988236
6.5575                    -0.913996489236
6.5622                    -0.913940154023
6.5668                    -0.913885175643
6.5715                    -0.913829163316
6.5762                    -0.913773313558
6.5809                    -0.913717625956
6.5855                    -0.913663279824
6.5902                    -0.913607911874
6.5949                    -0.913552704879
6.5996                    -0.91349765841
6.6043                    -0.913442772064
6.6089                    -0.913389208172
6.6136                    -0.913334637467
6.6183                    -0.913280225674
6.623                    -0.913225972391
6.6276                    -0.913173026519
6.6323                    -0.913119085684
6.637                    -0.913065302146
6.6417                    -0.913011675508
6.6463                    -0.912959341402
6.651                    -0.912906024034
6.6557                    -0.912852862364
6.6604                    -0.912799855992
6.6651                    -0.912747004514
6.6697                    -0.91269542714
6.6744                    -0.912642880975
6.6791                    -0.912590488515
6.6838                    -0.912538249358
6.6884                    -0.912487269737
6.6931                    -0.912435601753
6.6978                    -0.912383811258
6.7025                    -0.912332172167
6.7072                    -0.912280684104
6.7118                    -0.912230437402
6.7165                    -0.912179247042
6.7212                    -0.91212820657
6.7259                    -0.912077315595
6.7305                    -0.912027651808
6.7352                    -0.911977055538
6.7399                    -0.911926607634
6.7446                    -0.911876307723
6.7492                    -0.911827220963
6.7539                    -0.91177721277
6.7586                    -0.911727351447
6.7633                    -0.911677636617
6.768                    -0.9116280679
6.7726                    -0.911579694965
6.7773                    -0.911530414271
6.782                    -0.911481278582
6.7867                    -0.911432287524
6.7913                    -0.911384478519
6.796                    -0.911335772552
6.8007                    -0.911287210113
6.8054                    -0.911238790828
6.8101                    -0.911190514333
6.8147                    -0.911143402907
6.8194                    -0.911095407866
6.8241                    -0.911047554519
6.8288                    -0.910999842504
6.8334                    -0.91095328213
6.8381                    -0.910905848684
6.8428                    -0.910858555473
6.8475                    -0.910811402147
6.8522                    -0.910764388335
6.8568                    -0.910718509562
6.8615                    -0.910671770744
6.8662                    -0.910625170367
6.8709                    -0.910578708062
6.8755                    -0.910533367679
6.8802                    -0.910487177532
6.8849                    -0.910441124396
6.8896                    -0.910395207909
6.8942                    -0.910350400345
6.8989                    -0.910304753198
6.9036                    -0.910259241639
6.9083                    -0.910213865312
6.913                    -0.910168623861
6.9176                    -0.910124475256
6.9223                    -0.910079499646
6.927                    -0.910034657857
6.9317                    -0.909989949542
6.9363                    -0.909946321364
6.941                    -0.909901876109
6.9457                    -0.909857563275
6.9504                    -0.909813382514
6.9551                    -0.909769333476
6.9597                    -0.909726348862
6.9644                    -0.909682559435
6.9691                    -0.909638900692
6.9738                    -0.90959537228
6.9784                    -0.909552895878
6.9831                    -0.909509624343
6.9878                    -0.90946648211
6.9925                    -0.909423468832
6.9971                    -0.90938149527
7.0018                    -0.909338736146
7.0065                    -0.909296104954
7.0112                    -0.909253601344
7.0159                    -0.909211224981
7.0205                    -0.909169873122
7.0252                    -0.90912774753
7.0299                    -0.909085748165
7.0346                    -0.909043874685
7.0392                    -0.909003013699
7.0439                    -0.9089613883
7.0486                    -0.908919887787
7.0533                    -0.908878511809
7.058                    -0.908837260028
7.0626                    -0.908797005883
7.0673                    -0.908755998862
7.072                    -0.908715115036
7.0767                    -0.908674354071
7.0813                    -0.908634584031
7.086                    -0.908594066477
7.0907                    -0.90855366936
7.0954                    -0.908513393776
7.1001                    -0.908473239395
7.1047                    -0.908434056406
7.1094                    -0.908394140874
7.1141                    -0.908354345558
7.1188                    -0.908314670132
7.1234                    -0.90827595463
7.1281                    -0.908236515454
7.1328                    -0.908197195188
7.1375                    -0.908157993503
7.1421                    -0.908119743081
7.1468                    -0.908080775016
7.1515                    -0.908041924566
7.1562                    -0.908003191403
7.1609                    -0.907964575206
7.1655                    -0.907926893578
7.1702                    -0.907888507872
7.1749                    -0.907850238171
7.1796                    -0.907812084156
7.1842                    -0.90777485364
7.1889                    -0.907736927591
7.1936                    -0.907699116277
7.1983                    -0.907661419382
7.203                    -0.907623836585
7.2076                    -0.907587163606
7.2123                    -0.90754980565
7.217                    -0.907512560854
7.2217                    -0.907475428907
7.2263                    -0.907439195973
7.231                    -0.907402286398
7.2357                    -0.907365488741
7.2404                    -0.907328802689
7.245                    -0.907293004967
7.2497                    -0.907256538841
7.2544                    -0.907220183399
7.2591                    -0.907183938356
7.2638                    -0.907147803371
7.2684                    -0.907112543506
7.2731                    -0.907076625426
7.2778                    -0.907040816508
7.2825                    -0.907005116449
7.2871                    -0.906970281087
7.2918                    -0.906934795545
7.2965                    -0.906899417965
7.3012                    -0.906864148046
7.3059                    -0.906828985491
7.3105                    -0.906794674753
7.3152                    -0.906759723758
7.3199                    -0.906724879243
7.3246                    -0.906690140911
7.3292                    -0.90665624422
7.3339                    -0.906621715118
7.3386                    -0.906587291323
7.3433                    -0.906552972536
7.3479                    -0.906519485337
7.3526                    -0.90648537348
7.3573                    -0.906451365766
7.362                    -0.9064174311
7.3667                    -0.906383631357
7.3713                    -0.90635065083
7.376                    -0.906317055299
7.3807                    -0.906283562531
7.3854                    -0.906250172244
7.39                    -0.906217591341
7.3947                    -0.906184402975
7.3994                    -0.906151316227
7.4041                    -0.906118330809
7.4088                    -0.906085446425
7.4134                    -0.906053359277
7.4181                    -0.906020673984
7.4228                    -0.90598808888
7.4275                    -0.90595560368
7.4321                    -0.905923906118
7.4368                    -0.905891617761
7.4415                    -0.905859428467
7.4462                    -0.905827337943
7.4509                    -0.905795345916
7.4555                    -0.905764129674
7.4602                    -0.905732331713
7.4649                    -0.90570063141
7.4696                    -0.90566902849
7.4742                    -0.905638191901
7.4789                    -0.905606780847
7.4836                    -0.905575466345
7.4883                    -0.905544248121
7.4929                    -0.905513787073
7.4976                    -0.905482758538
7.5023                    -0.90545182546
7.507                    -0.905420987566
7.5117                    -0.905390244577
7.5163                    -0.905360247337
7.521                    -0.905329691344
7.5257                    -0.905299229451
7.5304                    -0.905268861388
7.535                    -0.905239230049
7.5397                    -0.905209046852
7.5444                    -0.905178956681
7.5491                    -0.90514895927
7.5538                    -0.90511905435
7.5584                    -0.905089875009
7.5631                    -0.905060152321
7.5678                    -0.905030521332
7.5725                    -0.905000981781
7.5771                    -0.904972159012
7.5818                    -0.904942799611
7.5865                    -0.904913530857
7.5912                    -0.904884352496
7.5958                    -0.904855882229
7.6005                    -0.904826881958
7.6052                    -0.904797971302
7.6099                    -0.904769150003
7.6146                    -0.904740417801
7.6192                    -0.904712382953
7.6239                    -0.904683826291
7.6286                    -0.904655357965
7.6333                    -0.904626977717
7.6379                    -0.904599286344
7.6426                    -0.904571079627
7.6473                    -0.904542960231
7.652                    -0.9045149279
7.6567                    -0.904486982383
7.6613                    -0.904459715277
7.666                    -0.904431940824
7.6707                    -0.904404252424
7.6754                    -0.904376649843
7.68                    -0.904349722461
7.6847                    -0.904322288867
7.6894                    -0.904294940351
7.6941                    -0.904267676672
7.6987                    -0.904241074983
7.7034                    -0.904213978442
7.7081                    -0.904186966008
7.7128                    -0.904160037435
7.7175                    -0.904133192474
7.7221                    -0.904106999416
7.7268                    -0.904080319194
7.7315                    -0.904053721866
7.7362                    -0.90402720719
7.7408                    -0.904001336459
7.7455                    -0.903974984622
7.7502                    -0.903948714725
7.7549                    -0.903922526523
7.7596                    -0.903896419785
7.7642                    -0.90387094716
7.7689                    -0.903845000912
7.7736                    -0.903819135419
7.7783                    -0.903793350448
7.7829                    -0.903768191831
7.7876                    -0.903742565492
7.7923                    -0.903717018974
7.797                    -0.903691552045
7.8017                    -0.90366616447
7.8063                    -0.903641403776
7.811                    -0.903616172348
7.8157                    -0.903591019593
7.8204                    -0.903565945271
7.825                    -0.903541480178
7.8297                    -0.903516560388
7.8344                    -0.903491718255
7.8391                    -0.903466953747
7.8437                    -0.903442790996
7.8484                    -0.903418179222
7.8531                    -0.9033936443
7.8578                    -0.903369186002
7.8625                    -0.903344804103
7.8671                    -0.903321014733
7.8718                    -0.903296783347
7.8765                    -0.903272627702
7.8812                    -0.903248547565
7.8858                    -0.903225052669
7.8905                    -0.903201121291
7.8952                    -0.903177264757
7.8999                    -0.903153482855
7.9046                    -0.903129775362
7.9092                    -0.903106644124
7.9139                    -0.90308308322
7.9186                    -0.903059596072
7.9233                    -0.903036182464
7.9279                    -0.903013338016
7.9326                    -0.902990069279
7.9373                    -0.902966873432
7.942                    -0.902943750257
7.9466                    -0.902921189224
7.9513                    -0.902898209205
7.956                    -0.902875301208
7.9607                    -0.902852465012
7.9654                    -0.902829700397
7.97                    -0.902807489234
7.9747                    -0.902784865601
7.9794                    -0.902762312884
7.9841                    -0.902739830858
7.9887                    -0.902717895408
7.9934                    -0.902695552597
7.9981                    -0.902673279806
8.0028                    -0.902651076808
8.0075                    -0.902628943379
8.0121                    -0.902607348021
8.0168                    -0.902585351585
8.0215                    -0.902563424047
8.0262                    -0.90254159361
8.0308                    -0.90252025749
8.0355                    -0.902498524936
8.0402                    -0.902476860294
8.0449                    -0.902455263359
8.0495                    -0.902434191295
8.0542                    -0.902412727724
8.0589                    -0.902391331245
8.0636                    -0.902370001651
8.0683                    -0.902348738759
8.0729                    -0.902327992628
8.0776                    -0.902306861068
8.0823                    -0.902285795585
8.087                    -0.902264795976
8.0916                    -0.902244306761
8.0963                    -0.902223436907
8.101                    -0.902202632327
8.1057                    -0.902181892822
8.1104                    -0.902161218193
8.115                    -0.902141046076
8.1197                    -0.902120499229
8.1244                    -0.902100016663
8.1291                    -0.902079598183
8.1337                    -0.902059676003
8.1384                    -0.902039383746
8.1431                    -0.902019154987
8.1478                    -0.90199898953
8.1525                    -0.901978887178
8.1571                    -0.901959273455
8.1618                    -0.901939295397
8.1665                    -0.901919379866
8.1712                    -0.901899526667
8.1758                    -0.901880156046
8.1805                    -0.901860425614
8.1852                    -0.901840756938
8.1899                    -0.901821149828
8.1945                    -0.901802019321
8.1992                    -0.901782533466
8.2039                    -0.901763108606
8.2086                    -0.901743744551
8.2133                    -0.901724441112
8.2179                    -0.901705606896
8.2226                    -0.901686422838
8.2273                    -0.901667298834
8.232                    -0.901648234694
8.2366                    -0.901629633961
8.2413                    -0.901610687724
8.246                    -0.901591800793
8.2507                    -0.901572972985
8.2554                    -0.901554204112
8.26                    -0.901535891468
8.2647                    -0.901517238668
8.2694                    -0.901498644256
8.2741                    -0.901480108047
8.2787                    -0.901462022409
8.2834                    -0.901443600832
8.2881                    -0.901425236915
8.2928                    -0.90140693048
8.2974                    -0.90138906903
8.3021                    -0.901370875802
8.3068                    -0.90135273952
8.3115                    -0.901334660006
8.3162                    -0.901316637083
8.3208                    -0.901299052254
8.3255                    -0.901281140785
8.3302                    -0.901263285383
8.3349                    -0.901245485871
8.3395                    -0.901228119022
8.3442                    -0.901210429587
8.3489                    -0.901192795523
8.3536                    -0.901175216658
8.3583                    -0.901157692816
8.3629                    -0.901140594935
8.3676                    -0.901123179458
8.3723                    -0.901105818486
8.377                    -0.901088511839
8.3816                    -0.901071625852
8.3863                    -0.90105442617
8.391                    -0.901037280273
8.3957                    -0.901020187974
8.4004                    -0.901003149084
8.405                    -0.900986524259
8.4097                    -0.900969590494
8.4144                    -0.900952709575
8.4191                    -0.900935881311
8.4237                    -0.900919461899
8.4284                    -0.900902737267
8.4331                    -0.900886064727
8.4378                    -0.900869444089
8.4424                    -0.90085322716
8.4471                    -0.900836708671
8.4518                    -0.900820241527
8.4565                    -0.900803825543
8.4612                    -0.900787460533
8.4658                    -0.900771492899
8.4705                    -0.900755228212
8.4752                    -0.900739013955
8.4799                    -0.900722849944
8.4845                    -0.90070707833
8.4892                    -0.900691013214
8.4939                    -0.90067499781
8.4986                    -0.900659031941
8.5033                    -0.90064311543
8.5079                    -0.900627585192
8.5126                    -0.900611765829
8.5173                    -0.900595995303
8.522                    -0.90058027344
8.5266                    -0.900564933043
8.5313                    -0.900549306968
8.536                    -0.900533729047
8.5407                    -0.900518199111
8.5453                    -0.900503045901
8.55                    -0.90048761042
8.5547                    -0.900472222426
8.5594                    -0.900456881753
8.5641                    -0.900441588236
8.5687                    -0.900426665617
8.5734                    -0.900411464928
8.5781                    -0.900396310909
8.5828                    -0.9003812034
8.5874                    -0.900366462209
8.5921                    -0.900351446265
8.5968                    -0.900336476347
8.6015                    -0.900321552304
8.6062                    -0.900306673979
8.6108                    -0.9002921562
8.6155                    -0.900277367878
8.6202                    -0.900262624809
8.6249                    -0.900247926838
8.6295                    -0.900233585112
8.6342                    -0.900218975927
8.6389                    -0.900204411383
8.6436                    -0.90018989133
8.6482                    -0.90017572315
8.6529                    -0.900161290685
8.6576                    -0.900146902262
8.6623                    -0.900132557731
8.667                    -0.900118256942
8.6716                    -0.90010430264
8.6763                    -0.90009008797
8.681                    -0.900075916603
8.6857                    -0.900061788392
8.6903                    -0.900048002429
8.695                    -0.900033645059
8.6997                    -0.900019644568
8.7044                    -0.900005686954
8.7091                    -0.899991772076
8.7137                    -0.899978194503
8.7184                    -0.899964363766
8.7231                    -0.899950575341
8.7278                    -0.899936829088
8.7324                    -0.899923416011
8.7371                    -0.899909752796
8.7418                    -0.899896131342
8.7465                    -0.899882551511
8.7512                    -0.899869013169
8.7558                    -0.899855802919
8.7605                    -0.899842346273
8.7652                    -0.899828930717
8.7699                    -0.899815556116
8.7745                    -0.899802505614
8.7792                    -0.899789211666
8.7839                    -0.89977595828
8.7886                    -0.899762764376
8.7932                    -0.899749871235
8.7979                    -0.899736737543
8.8026                    -0.899723643869
8.8073                    -0.899710590064
8.812                    -0.899697575976
8.8166                    -0.899684877091
8.8213                    -0.89967194108
8.826                    -0.899659044369
8.8307                    -0.899646186748
8.8353                    -0.899633640395
8.84                    -0.89962085966
8.8447                    -0.899608117545
8.8494                    -0.899595413896
8.8541                    -0.899582748556
8.8587                    -0.899570389639
8.8634                    -0.899557799649
8.8681                    -0.899545247511
8.8728                    -0.899532733074
8.8774                    -0.899520521262
8.8821                    -0.899508080983
8.8868                    -0.899495677959
8.8915                    -0.899483312045
8.8961                    -0.899471245029
8.9008                    -0.899458952117
8.9055                    -0.899446695883
8.9102                    -0.899434476186
8.9149                    -0.899422292884
8.9195                    -0.89941040391
8.9242                    -0.899398292214
8.9289                    -0.899386216501
8.9336                    -0.899374176633
8.9382                    -0.899362427511
8.9429                    -0.899350458171
8.9476                    -0.899338524275
8.9523                    -0.899326625691
8.957                    -0.899314762285
8.9616                    -0.899303185232
8.9663                    -0.899291391051
8.971                    -0.899279631662
8.9757                    -0.89926790686
8.9803                    -0.89925646504
8.985                    -0.899244808529
8.9897                    -0.899233186304
8.9944                    -0.899221598241
8.999                    -0.899210289689
9.0037                    -0.899198768853
9.0084                    -0.899187281808
9.0131                    -0.899175828434
9.0178                    -0.899164408607
9.0224                    -0.899153264124
9.0271                    -0.899141910331
9.0318                    -0.89913058972
9.0365                    -0.899119302177
9.0411                    -0.899108286703
9.0458                    -0.899097064248
9.0505                    -0.899085874511
9.0552                    -0.899074717374
9.0599                    -0.899063592721
9.0645                    -0.899052736105
9.0692                    -0.899041675388
9.0739                    -0.899030646811
9.0786                    -0.899019650259
9.0832                    -0.899008918577
9.0879                    -0.898997985058
9.0926                    -0.898987083226
9.0973                    -0.898976212966
9.102                    -0.898965374168
9.1066                    -0.89895479634
9.1113                    -0.898944019465
9.116                    -0.89893327372
9.1207                    -0.898922558992
9.1253                    -0.898912102165
9.13                    -0.898901448487
9.1347                    -0.8988908255
9.1394                    -0.898880233093
9.144                    -0.898869895563
9.1487                    -0.898859363345
9.1534                    -0.898848861384
9.1581                    -0.89883838957
9.1628                    -0.898827947798
9.1674                    -0.898817757177
9.1721                    -0.898807374531
9.1768                    -0.898797021607
9.1815                    -0.898786698298
9.1861                    -0.898776623209
9.1908                    -0.898766358187
9.1955                    -0.898756122466
9.2002                    -0.89874591594
9.2049                    -0.898735738503
9.2095                    -0.898725805674
9.2142                    -0.898715685489
9.2189                    -0.898705594082
9.2236                    -0.89869553135
9.2282                    -0.898685710385
9.2329                    -0.898675704087
9.2376                    -0.898665726156
9.2423                    -0.898655776489
9.2469                    -0.898646065786
9.2516                    -0.898636171744
9.2563                    -0.898626305662
9.261                    -0.898616467437
9.2657                    -0.898606656968
9.2703                    -0.898597082013
9.275                    -0.898587326168
9.2797                    -0.898577597779
9.2844                    -0.898567896745
9.289                    -0.898558428508
9.2937                    -0.898548781308
9.2984                    -0.898539161166
9.3031                    -0.898529567982
9.3078                    -0.898520001657
9.3124                    -0.898510664784
9.3171                    -0.89850108715
9.3218                    -0.898491601176
9.3265                    -0.898482141656
9.3311                    -0.898472908925
9.3358                    -0.898463501463
9.3405                    -0.898454120165
9.3452                    -0.898444764935
9.3498                    -0.898435633901
9.3545                    -0.898426329966
9.3592                    -0.898417051812
9.3639                    -0.898407819589
9.3686                    -0.898398597981
9.3732                    -0.898389597073
9.3779                    -0.898380425427
9.3826                    -0.898371278887
9.3873                    -0.898362157356
9.3919                    -0.898353254026
9.3966                    -0.898344181701
9.4013                    -0.898335134103
9.406                    -0.898326111138
9.4107                    -0.898317112715
9.4153                    -0.898308329421
9.42                    -0.898299379286
9.4247                    -0.898290453418
9.4294                    -0.898281551726
9.434                    -0.898272862755
9.4387                    -0.898264008643
9.4434                    -0.898255178434
9.4481                    -0.898246372045
9.4528                    -0.898237589389
9.4574                    -0.898229016493
9.4621                    -0.898220280537
9.4668                    -0.89821156805
9.4715                    -0.898202878949
9.4761                    -0.898194397281
9.4808                    -0.898185754196
9.4855                    -0.898177134238
9.4902                    -0.898168537322
9.4948                    -0.898160145549
9.4995                    -0.898151593977
9.5042                    -0.898143065194
9.5089                    -0.898134559117
9.5136                    -0.898126075662
9.5182                    -0.89811779453
9.5229                    -0.898109355591
9.5276                    -0.898100939025
9.5323                    -0.898092544751
9.5369                    -0.898084350584
9.5416                    -0.898076000175
9.5463                    -0.898067671813
9.551                    -0.898059365415
9.5557                    -0.898051080901
9.5603                    -0.898042993765
9.565                    -0.898034752313
9.5697                    -0.898026532504
9.5744                    -0.898018334258
9.579                    -0.898010331245
9.5837                    -0.898002175428
9.5884                    -0.897994040936
9.5931                    -0.897985927689
9.5977                    -0.897978007559
9.6024                    -0.897969936118
9.6071                    -0.897961885685
9.6118                    -0.897953856183
9.6165                    -0.897945847534
9.6211                    -0.897938029399
9.6258                    -0.897930061782
9.6305                    -0.897922114786
9.6352                    -0.897914188333
9.6398                    -0.897906450347
9.6445                    -0.897898564317
9.6492                    -0.8978906986
9.6539                    -0.89788285312
9.6586                    -0.897875027801
9.6632                    -0.897867388428
9.6679                    -0.897859602778
9.6726                    -0.897851837062
9.6773                    -0.897844091205
9.6819                    -0.897836529309
9.6866                    -0.897828822526
9.6913                    -0.897821135376
9.696                    -0.897813467787
9.7007                    -0.897805819685
9.7053                    -0.897798353103
9.71                    -0.897790743337
9.7147                    -0.897783152835
9.7194                    -0.897775581524
9.724                    -0.89776818972
9.7287                    -0.897760656168
9.7334                    -0.897753141587
9.7381                    -0.897745645905
9.7427                    -0.897738327936
9.7474                    -0.897730869436
9.7521                    -0.89772342962
9.7568                    -0.897716008414
9.7615                    -0.897708605748
9.7661                    -0.897701378468
9.7708                    -0.897694012273
9.7755                    -0.897686664405
9.7802                    -0.897679334791
9.7848                    -0.897672178668
9.7895                    -0.897664884968
9.7942                    -0.897657609311
9.7989                    -0.897650351628
9.8036                    -0.897643111849
9.8082                    -0.897636043377
9.8129                    -0.897628838819
9.8176                    -0.897621651956
9.8223                    -0.897614482721
9.8269                    -0.897607483025
9.8316                    -0.897600348464
9.8363                    -0.897593231326
9.841                    -0.897586131541
9.8456                    -0.897579199554
9.8503                    -0.897572133906
9.855                    -0.897565085409
9.8597                    -0.897558053994
9.8644                    -0.897551039596
9.869                    -0.897544190852
9.8737                    -0.897537209925
9.8784                    -0.897530245815
9.8831                    -0.897523298454
9.8877                    -0.897516515066
9.8924                    -0.897509600653
9.8971                    -0.897502702794
9.9018                    -0.897495821422
9.9065                    -0.897488956472
9.9111                    -0.897482253424
9.9158                    -0.897475420776
9.9205                    -0.897468604356
9.9252                    -0.897461804101
9.9298                    -0.89745516412
9.9345                    -0.897448395658
9.9392                    -0.897441643168
9.9439                    -0.897434906587
9.9485                    -0.897428328682
9.9532                    -0.897421623393
9.9579                    -0.897414933826
9.9626                    -0.897408259751
9.9673                    -0.897401601437
9.9719                    -0.897395099831
9.9766                    -0.897388472192
9.9813                    -0.897381859962
9.986                    -0.89737526308
9.9906                    -0.89736882136
9.9953                    -0.897362254667
10.0                    -0.897355703139
