   -5.00000000       -0.00999665        0.00999665        0.00000000
   -4.98998999       -0.00999659        0.00999659        0.00000000
   -4.97997998       -0.00999654        0.00999654        0.00000000
   -4.96996997       -0.00999648        0.00999648        0.00000000
   -4.95995996       -0.00999642        0.00999642        0.00000000
   -4.94994995       -0.00999637        0.00999637        0.00000000
   -4.93993994       -0.00999631        0.00999631        0.00000000
   -4.92992993       -0.00999625        0.00999625        0.00000000
   -4.91991992       -0.00999619        0.00999619        0.00000000
   -4.90990991       -0.00999613        0.00999613        0.00000000
   -4.89989990       -0.00999606        0.00999606        0.00000000
   -4.88988989       -0.00999600        0.00999600        0.00000000
   -4.87987988       -0.00999593        0.00999593        0.00000000
   -4.86986987       -0.00999587        0.00999587        0.00000000
   -4.85985986       -0.00999580        0.00999580        0.00000000
   -4.84984985       -0.00999573        0.00999573        0.00000000
   -4.83983984       -0.00999567        0.00999567        0.00000000
   -4.82982983       -0.00999560        0.00999560        0.00000000
   -4.81981982       -0.00999552        0.00999552        0.00000000
   -4.80980981       -0.00999545        0.00999545        0.00000000
   -4.79979980       -0.00999538        0.00999538        0.00000000
   -4.78978979       -0.00999530        0.00999530        0.00000000
   -4.77977978       -0.00999523        0.00999523        0.00000000
   -4.76976977       -0.00999515        0.00999515        0.00000000
   -4.75975976       -0.00999507        0.00999507        0.00000000
   -4.74974975       -0.00999499        0.00999499        0.00000000
   -4.73973974       -0.00999491        0.00999491        0.00000000
   -4.72972973       -0.00999483        0.00999483        0.00000000
   -4.71971972       -0.00999475        0.00999475        0.00000000
   -4.70970971       -0.00999466        0.00999466        0.00000000
   -4.69969970       -0.00999458        0.00999458        0.00000000
   -4.68968969       -0.00999449        0.00999449        0.00000000
   -4.67967968       -0.00999440        0.00999440        0.00000000
   -4.66966967       -0.00999431        0.00999431        0.00000000
   -4.65965966       -0.00999422        0.00999422        0.00000000
   -4.64964965       -0.00999412        0.00999412        0.00000000
   -4.63963964       -0.00999403        0.00999403        0.00000000
   -4.62962963       -0.00999393        0.00999393        0.00000000
   -4.61961962       -0.00999383        0.00999383        0.00000000
   -4.60960961       -0.00999374        0.00999374        0.00000000
   -4.59959960       -0.00999363        0.00999363        0.00000000
   -4.58958959       -0.00999353        0.00999353        0.00000000
   -4.57957958       -0.00999343        0.00999343        0.00000000
   -4.56956957       -0.00999332        0.00999332        0.00000000
   -4.55955956       -0.00999321        0.00999321        0.00000000
   -4.54954955       -0.00999310        0.00999310        0.00000000
   -4.53953954       -0.00999299        0.00999299        0.00000000
   -4.52952953       -0.00999288        0.00999288        0.00000000
   -4.51951952       -0.00999276        0.00999276        0.00000000
   -4.50950951       -0.00999265        0.00999265        0.00000000
   -4.49949950       -0.00999253        0.00999253        0.00000000
   -4.48948949       -0.00999241        0.00999241        0.00000000
   -4.47947948       -0.00999228        0.00999228        0.00000000
   -4.46946947       -0.00999216        0.00999216        0.00000000
   -4.45945946       -0.00999203        0.00999203        0.00000000
   -4.44944945       -0.00999191        0.00999191        0.00000000
   -4.43943944       -0.00999177        0.00999177        0.00000000
   -4.42942943       -0.00999164        0.00999164        0.00000000
   -4.41941942       -0.00999151        0.00999151        0.00000000
   -4.40940941       -0.00999137        0.00999137        0.00000000
   -4.39939940       -0.00999123        0.00999123        0.00000000
   -4.38938939       -0.00999109        0.00999109        0.00000000
   -4.37937938       -0.00999094        0.00999094        0.00000000
   -4.36936937       -0.00999080        0.00999080        0.00000000
   -4.35935936       -0.00999065        0.00999065        0.00000000
   -4.34934935       -0.00999050        0.00999050        0.00000000
   -4.33933934       -0.00999035        0.00999035        0.00000000
   -4.32932933       -0.00999019        0.00999019        0.00000000
   -4.31931932       -0.00999003        0.00999003        0.00000000
   -4.30930931       -0.00998987        0.00998987        0.00000000
   -4.29929930       -0.00998971        0.00998971        0.00000000
   -4.28928929       -0.00998954        0.00998954        0.00000000
   -4.27927928       -0.00998937        0.00998937        0.00000000
   -4.26926927       -0.00998920        0.00998920        0.00000000
   -4.25925926       -0.00998903        0.00998903        0.00000000
   -4.24924925       -0.00998885        0.00998885        0.00000000
   -4.23923924       -0.00998867        0.00998867        0.00000000
   -4.22922923       -0.00998849        0.00998849        0.00000000
   -4.21921922       -0.00998830        0.00998830        0.00000000
   -4.20920921       -0.00998811        0.00998811        0.00000000
   -4.19919920       -0.00998792        0.00998792        0.00000000
   -4.18918919       -0.00998772        0.00998772        0.00000000
   -4.17917918       -0.00998753        0.00998753        0.00000000
   -4.16916917       -0.00998732        0.00998732        0.00000000
   -4.15915916       -0.00998712        0.00998712        0.00000000
   -4.14914915       -0.00998691        0.00998691        0.00000000
   -4.13913914       -0.00998670        0.00998670        0.00000000
   -4.12912913       -0.00998649        0.00998649        0.00000000
   -4.11911912       -0.00998627        0.00998627        0.00000000
   -4.10910911       -0.00998605        0.00998605        0.00000000
   -4.09909910       -0.00998582        0.00998582        0.00000000
   -4.08908909       -0.00998559        0.00998559        0.00000000
   -4.07907908       -0.00998536        0.00998536        0.00000000
   -4.06906907       -0.00998512        0.00998512        0.00000000
   -4.05905906       -0.00998488        0.00998488        0.00000000
   -4.04904905       -0.00998464        0.00998464        0.00000000
   -4.03903904       -0.00998439        0.00998439        0.00000000
   -4.02902903       -0.00998414        0.00998414        0.00000000
   -4.01901902       -0.00998388        0.00998388        0.00000000
   -4.00900901       -0.00998362        0.00998362        0.00000000
   -3.99899900       -0.00998336        0.00998336        0.00000000
   -3.98898899       -0.00998309        0.00998309        0.00000000
   -3.97897898       -0.00998282        0.00998282        0.00000000
   -3.96896897       -0.00998254        0.00998254        0.00000000
   -3.95895896       -0.00998226        0.00998226        0.00000000
   -3.94894895       -0.00998197        0.00998197        0.00000000
   -3.93893894       -0.00998168        0.00998168        0.00000000
   -3.92892893       -0.00998138        0.00998138        0.00000000
   -3.91891892       -0.00998108        0.00998108        0.00000000
   -3.90890891       -0.00998078        0.00998078        0.00000000
   -3.89889890       -0.00998047        0.00998047        0.00000000
   -3.88888889       -0.00998015        0.00998015        0.00000000
   -3.87887888       -0.00997983        0.00997983        0.00000000
   -3.86886887       -0.00997951        0.00997951        0.00000000
   -3.85885886       -0.00997917        0.00997917        0.00000000
   -3.84884885       -0.00997884        0.00997884        0.00000000
   -3.83883884       -0.00997850        0.00997850        0.00000000
   -3.82882883       -0.00997815        0.00997815        0.00000000
   -3.81881882       -0.00997780        0.00997780        0.00000000
   -3.80880881       -0.00997744        0.00997744        0.00000000
   -3.79879880       -0.00997707        0.00997707        0.00000000
   -3.78878879       -0.00997670        0.00997670        0.00000000
   -3.77877878       -0.00997633        0.00997633        0.00000000
   -3.76876877       -0.00997595        0.00997595        0.00000000
   -3.75875876       -0.00997556        0.00997556        0.00000000
   -3.74874875       -0.00997516        0.00997516        0.00000000
   -3.73873874       -0.00997476        0.00997476        0.00000000
   -3.72872873       -0.00997435        0.00997435        0.00000000
   -3.71871872       -0.00997394        0.00997394        0.00000000
   -3.70870871       -0.00997352        0.00997352        0.00000001
   -3.69869870       -0.00997309        0.00997309        0.00000001
   -3.68868869       -0.00997266        0.00997266        0.00000001
   -3.67867868       -0.00997222        0.00997222        0.00000001
   -3.66866867       -0.00997177        0.00997177        0.00000001
   -3.65865866       -0.00997131        0.00997131        0.00000001
   -3.64864865       -0.00997085        0.00997085        0.00000001
   -3.63863864       -0.00997038        0.00997038        0.00000001
   -3.62862863       -0.00996990        0.00996990        0.00000001
   -3.61861862       -0.00996941        0.00996941        0.00000001
   -3.60860861       -0.00996892        0.00996892        0.00000001
   -3.59859860       -0.00996842        0.00996842        0.00000001
   -3.58858859       -0.00996791        0.00996791        0.00000001
   -3.57857858       -0.00996739        0.00996739        0.00000001
   -3.56856857       -0.00996686        0.00996686        0.00000001
   -3.55855856       -0.00996633        0.00996633        0.00000002
   -3.54854855       -0.00996579        0.00996579        0.00000002
   -3.53853854       -0.00996523        0.00996523        0.00000002
   -3.52852853       -0.00996467        0.00996467        0.00000002
   -3.51851852       -0.00996410        0.00996410        0.00000002
   -3.50850851       -0.00996352        0.00996352        0.00000002
   -3.49849850       -0.00996293        0.00996293        0.00000002
   -3.48848849       -0.00996233        0.00996233        0.00000003
   -3.47847848       -0.00996173        0.00996173        0.00000003
   -3.46846847       -0.00996111        0.00996111        0.00000003
   -3.45845846       -0.00996048        0.00996048        0.00000003
   -3.44844845       -0.00995984        0.00995984        0.00000003
   -3.43843844       -0.00995919        0.00995919        0.00000004
   -3.42842843       -0.00995853        0.00995853        0.00000004
   -3.41841842       -0.00995787        0.00995787        0.00000004
   -3.40840841       -0.00995719        0.00995719        0.00000005
   -3.39839840       -0.00995649        0.00995649        0.00000005
   -3.38838839       -0.00995579        0.00995579        0.00000005
   -3.37837838       -0.00995508        0.00995508        0.00000006
   -3.36836837       -0.00995435        0.00995435        0.00000006
   -3.35835836       -0.00995362        0.00995362        0.00000006
   -3.34834835       -0.00995287        0.00995287        0.00000007
   -3.33833834       -0.00995211        0.00995211        0.00000007
   -3.32832833       -0.00995133        0.00995133        0.00000008
   -3.31831832       -0.00995055        0.00995055        0.00000008
   -3.30830831       -0.00994975        0.00994975        0.00000009
   -3.29829830       -0.00994894        0.00994894        0.00000009
   -3.28828829       -0.00994811        0.00994811        0.00000010
   -3.27827828       -0.00994727        0.00994727        0.00000011
   -3.26826827       -0.00994642        0.00994642        0.00000011
   -3.25825826       -0.00994556        0.00994556        0.00000012
   -3.24824825       -0.00994468        0.00994468        0.00000013
   -3.23823824       -0.00994379        0.00994379        0.00000014
   -3.22822823       -0.00994288        0.00994288        0.00000015
   -3.21821822       -0.00994196        0.00994196        0.00000016
   -3.20820821       -0.00994102        0.00994102        0.00000017
   -3.19819820       -0.00994007        0.00994007        0.00000018
   -3.18818819       -0.00993910        0.00993910        0.00000019
   -3.17817818       -0.00993812        0.00993812        0.00000021
   -3.16816817       -0.00993712        0.00993712        0.00000022
   -3.15815816       -0.00993610        0.00993610        0.00000023
   -3.14814815       -0.00993507        0.00993507        0.00000025
   -3.13813814       -0.00993402        0.00993402        0.00000026
   -3.12812813       -0.00993296        0.00993296        0.00000028
   -3.11811812       -0.00993187        0.00993187        0.00000030
   -3.10810811       -0.00993077        0.00993077        0.00000032
   -3.09809810       -0.00992966        0.00992966        0.00000034
   -3.08808809       -0.00992852        0.00992852        0.00000036
   -3.07807808       -0.00992737        0.00992737        0.00000038
   -3.06806807       -0.00992619        0.00992619        0.00000041
   -3.05805806       -0.00992500        0.00992500        0.00000043
   -3.04804805       -0.00992379        0.00992379        0.00000046
   -3.03803804       -0.00992256        0.00992256        0.00000049
   -3.02802803       -0.00992131        0.00992131        0.00000052
   -3.01801802       -0.00992004        0.00992004        0.00000055
   -3.00800801       -0.00991875        0.00991875        0.00000059
   -2.99799800       -0.00991744        0.00991744        0.00000062
   -2.98798799       -0.00991611        0.00991611        0.00000066
   -2.97797798       -0.00991475        0.00991475        0.00000070
   -2.96796797       -0.00991337        0.00991337        0.00000075
   -2.95795796       -0.00991198        0.00991198        0.00000079
   -2.94794795       -0.00991056        0.00991056        0.00000084
   -2.93793794       -0.00990911        0.00990911        0.00000089
   -2.92792793       -0.00990764        0.00990764        0.00000095
   -2.91791792       -0.00990615        0.00990615        0.00000100
   -2.90790791       -0.00990464        0.00990464        0.00000106
   -2.89789790       -0.00990310        0.00990310        0.00000113
   -2.88788789       -0.00990153        0.00990153        0.00000119
   -2.87787788       -0.00989994        0.00989994        0.00000126
   -2.86786787       -0.00989833        0.00989833        0.00000134
   -2.85785786       -0.00989669        0.00989669        0.00000142
   -2.84784785       -0.00989502        0.00989502        0.00000150
   -2.83783784       -0.00989332        0.00989332        0.00000159
   -2.82782783       -0.00989160        0.00989160        0.00000168
   -2.81781782       -0.00988985        0.00988985        0.00000178
   -2.80780781       -0.00988807        0.00988807        0.00000188
   -2.79779780       -0.00988627        0.00988627        0.00000199
   -2.78778779       -0.00988443        0.00988443        0.00000211
   -2.77777778       -0.00988256        0.00988256        0.00000223
   -2.76776777       -0.00988067        0.00988067        0.00000236
   -2.75775776       -0.00987874        0.00987874        0.00000249
   -2.74774775       -0.00987678        0.00987678        0.00000263
   -2.73773774       -0.00987479        0.00987479        0.00000278
   -2.72772773       -0.00987277        0.00987277        0.00000293
   -2.71771772       -0.00987072        0.00987072        0.00000310
   -2.70770771       -0.00986863        0.00986863        0.00000327
   -2.69769770       -0.00986651        0.00986651        0.00000345
   -2.68768769       -0.00986436        0.00986436        0.00000365
   -2.67767768       -0.00986217        0.00986217        0.00000385
   -2.66766767       -0.00985994        0.00985994        0.00000406
   -2.65765766       -0.00985768        0.00985768        0.00000428
   -2.64764765       -0.00985538        0.00985538        0.00000451
   -2.63763764       -0.00985305        0.00985305        0.00000476
   -2.62762763       -0.00985067        0.00985067        0.00000502
   -2.61761762       -0.00984826        0.00984826        0.00000529
   -2.60760761       -0.00984581        0.00984581        0.00000557
   -2.59759760       -0.00984332        0.00984332        0.00000587
   -2.58758759       -0.00984079        0.00984079        0.00000618
   -2.57757758       -0.00983822        0.00983822        0.00000651
   -2.56756757       -0.00983561        0.00983561        0.00000685
   -2.55755756       -0.00983296        0.00983296        0.00000721
   -2.54754755       -0.00983026        0.00983026        0.00000759
   -2.53753754       -0.00982752        0.00982752        0.00000799
   -2.52752753       -0.00982474        0.00982474        0.00000840
   -2.51751752       -0.00982191        0.00982191        0.00000884
   -2.50750751       -0.00981903        0.00981903        0.00000930
   -2.49749750       -0.00981611        0.00981611        0.00000977
   -2.48748749       -0.00981314        0.00981314        0.00001027
   -2.47747748       -0.00981012        0.00981012        0.00001080
   -2.46746747       -0.00980706        0.00980706        0.00001135
   -2.45745746       -0.00980394        0.00980394        0.00001192
   -2.44744745       -0.00980078        0.00980078        0.00001252
   -2.43743744       -0.00979756        0.00979756        0.00001315
   -2.42742743       -0.00979429        0.00979429        0.00001380
   -2.41741742       -0.00979097        0.00979097        0.00001449
   -2.40740741       -0.00978760        0.00978760        0.00001520
   -2.39739740       -0.00978417        0.00978417        0.00001595
   -2.38738739       -0.00978068        0.00978068        0.00001674
   -2.37737738       -0.00977714        0.00977714        0.00001755
   -2.36736737       -0.00977354        0.00977354        0.00001841
   -2.35735736       -0.00976989        0.00976989        0.00001930
   -2.34734735       -0.00976617        0.00976617        0.00002023
   -2.33733734       -0.00976240        0.00976240        0.00002120
   -2.32732733       -0.00975856        0.00975856        0.00002221
   -2.31731732       -0.00975466        0.00975466        0.00002327
   -2.30730731       -0.00975070        0.00975070        0.00002437
   -2.29729730       -0.00974668        0.00974668        0.00002552
   -2.28728729       -0.00974259        0.00974259        0.00002672
   -2.27727728       -0.00973843        0.00973843        0.00002797
   -2.26726727       -0.00973421        0.00973421        0.00002927
   -2.25725726       -0.00972992        0.00972992        0.00003063
   -2.24724725       -0.00972556        0.00972556        0.00003204
   -2.23723724       -0.00972113        0.00972113        0.00003351
   -2.22722723       -0.00971662        0.00971662        0.00003505
   -2.21721722       -0.00971205        0.00971205        0.00003664
   -2.20720721       -0.00970740        0.00970740        0.00003830
   -2.19719720       -0.00970268        0.00970268        0.00004003
   -2.18718719       -0.00969787        0.00969787        0.00004182
   -2.17717718       -0.00969300        0.00969300        0.00004369
   -2.16716717       -0.00968804        0.00968804        0.00004563
   -2.15715716       -0.00968300        0.00968300        0.00004765
   -2.14714715       -0.00967789        0.00967789        0.00004975
   -2.13713714       -0.00967269        0.00967269        0.00005193
   -2.12712713       -0.00966740        0.00966740        0.00005419
   -2.11711712       -0.00966203        0.00966203        0.00005654
   -2.10710711       -0.00965657        0.00965657        0.00005899
   -2.09709710       -0.00965103        0.00965103        0.00006152
   -2.08708709       -0.00964540        0.00964540        0.00006415
   -2.07707708       -0.00963967        0.00963967        0.00006688
   -2.06706707       -0.00963385        0.00963385        0.00006972
   -2.05705706       -0.00962794        0.00962794        0.00007265
   -2.04704705       -0.00962194        0.00962194        0.00007570
   -2.03703704       -0.00961583        0.00961583        0.00007886
   -2.02702703       -0.00960963        0.00960963        0.00008213
   -2.01701702       -0.00960333        0.00960333        0.00008553
   -2.00700701       -0.00959692        0.00959692        0.00008904
   -1.99699700       -0.00959041        0.00959041        0.00009268
   -1.98698699       -0.00958380        0.00958380        0.00009645
   -1.97697698       -0.00957708        0.00957708        0.00010036
   -1.96696697       -0.00957025        0.00957025        0.00010440
   -1.95695696       -0.00956332        0.00956332        0.00010858
   -1.94694695       -0.00955627        0.00955627        0.00011291
   -1.93693694       -0.00954910        0.00954910        0.00011739
   -1.92692693       -0.00954182        0.00954182        0.00012202
   -1.91691692       -0.00953442        0.00953442        0.00012680
   -1.90690691       -0.00952691        0.00952691        0.00013175
   -1.89689690       -0.00951927        0.00951927        0.00013686
   -1.88688689       -0.00951151        0.00951151        0.00014215
   -1.87687688       -0.00950362        0.00950362        0.00014760
   -1.86686687       -0.00949561        0.00949561        0.00015324
   -1.85685686       -0.00948746        0.00948746        0.00015906
   -1.84684685       -0.00947919        0.00947919        0.00016507
   -1.83683684       -0.00947078        0.00947078        0.00017127
   -1.82682683       -0.00946224        0.00946224        0.00017766
   -1.81681682       -0.00945356        0.00945356        0.00018426
   -1.80680681       -0.00944473        0.00944473        0.00019107
   -1.79679680       -0.00943577        0.00943577        0.00019809
   -1.78678679       -0.00942666        0.00942666        0.00020532
   -1.77677678       -0.00941740        0.00941740        0.00021278
   -1.76676677       -0.00940800        0.00940800        0.00022046
   -1.75675676       -0.00939844        0.00939844        0.00022838
   -1.74674675       -0.00938873        0.00938873        0.00023653
   -1.73673674       -0.00937886        0.00937886        0.00024492
   -1.72672673       -0.00936883        0.00936883        0.00025356
   -1.71671672       -0.00935864        0.00935864        0.00026245
   -1.70670671       -0.00934828        0.00934828        0.00027160
   -1.69669670       -0.00933776        0.00933776        0.00028102
   -1.68668669       -0.00932707        0.00932707        0.00029070
   -1.67667668       -0.00931621        0.00931621        0.00030065
   -1.66666667       -0.00930517        0.00930517        0.00031088
   -1.65665666       -0.00929395        0.00929395        0.00032140
   -1.64664665       -0.00928255        0.00928255        0.00033220
   -1.63663664       -0.00927096        0.00927096        0.00034330
   -1.62662663       -0.00925919        0.00925919        0.00035470
   -1.61661662       -0.00924723        0.00924723        0.00036641
   -1.60660661       -0.00923508        0.00923508        0.00037842
   -1.59659660       -0.00922273        0.00922273        0.00039075
   -1.58658659       -0.00921018        0.00921018        0.00040340
   -1.57657658       -0.00919743        0.00919743        0.00041638
   -1.56656657       -0.00918447        0.00918447        0.00042969
   -1.55655656       -0.00917131        0.00917131        0.00044333
   -1.54654655       -0.00915793        0.00915793        0.00045732
   -1.53653654       -0.00914433        0.00914433        0.00047166
   -1.52652653       -0.00913052        0.00913052        0.00048634
   -1.51651652       -0.00911648        0.00911648        0.00050138
   -1.50650651       -0.00910222        0.00910222        0.00051679
   -1.49649650       -0.00908772        0.00908772        0.00053256
   -1.48648649       -0.00907299        0.00907299        0.00054870
   -1.47647648       -0.00905803        0.00905803        0.00056522
   -1.46646647       -0.00904282        0.00904282        0.00058212
   -1.45645646       -0.00902736        0.00902736        0.00059940
   -1.44644645       -0.00901166        0.00901166        0.00061707
   -1.43643644       -0.00899570        0.00899570        0.00063514
   -1.42642643       -0.00897949        0.00897949        0.00065360
   -1.41641642       -0.00896301        0.00896301        0.00067247
   -1.40640641       -0.00894627        0.00894627        0.00069174
   -1.39639640       -0.00892926        0.00892926        0.00071143
   -1.38638639       -0.00891197        0.00891197        0.00073152
   -1.37637638       -0.00889441        0.00889441        0.00075203
   -1.36636637       -0.00887656        0.00887656        0.00077297
   -1.35635636       -0.00885842        0.00885842        0.00079432
   -1.34634635       -0.00883999        0.00883999        0.00081611
   -1.33633634       -0.00882126        0.00882126        0.00083832
   -1.32632633       -0.00880223        0.00880223        0.00086096
   -1.31631632       -0.00878289        0.00878289        0.00088404
   -1.30630631       -0.00876324        0.00876324        0.00090756
   -1.29629630       -0.00874327        0.00874327        0.00093151
   -1.28628629       -0.00872298        0.00872298        0.00095591
   -1.27627628       -0.00870237        0.00870237        0.00098074
   -1.26626627       -0.00868142        0.00868142        0.00100603
   -1.25625626       -0.00866013        0.00866013        0.00103175
   -1.24624625       -0.00863849        0.00863849        0.00105792
   -1.23623624       -0.00861651        0.00861651        0.00108454
   -1.22622623       -0.00859418        0.00859418        0.00111161
   -1.21621622       -0.00857148        0.00857148        0.00113912
   -1.20620621       -0.00854842        0.00854842        0.00116708
   -1.19619620       -0.00852498        0.00852498        0.00119549
   -1.18618619       -0.00850117        0.00850117        0.00122434
   -1.17617618       -0.00847697        0.00847697        0.00125364
   -1.16616617       -0.00845238        0.00845238        0.00128338
   -1.15615616       -0.00842739        0.00842739        0.00131356
   -1.14614615       -0.00840200        0.00840200        0.00134418
   -1.13613614       -0.00837620        0.00837620        0.00137525
   -1.12612613       -0.00834999        0.00834999        0.00140674
   -1.11611612       -0.00832335        0.00832335        0.00143868
   -1.10610611       -0.00829628        0.00829628        0.00147104
   -1.09609610       -0.00826877        0.00826877        0.00150382
   -1.08608609       -0.00824082        0.00824082        0.00153703
   -1.07607608       -0.00821242        0.00821242        0.00157066
   -1.06606607       -0.00818356        0.00818356        0.00160471
   -1.05605606       -0.00815423        0.00815423        0.00163916
   -1.04604605       -0.00812443        0.00812443        0.00167402
   -1.03603604       -0.00809415        0.00809415        0.00170927
   -1.02602603       -0.00806338        0.00806338        0.00174492
   -1.01601602       -0.00803211        0.00803211        0.00178095
   -1.00600601       -0.00800034        0.00800034        0.00181737
   -0.99599600       -0.00796806        0.00796806        0.00185416
   -0.98598599       -0.00793525        0.00793525        0.00189131
   -0.97597598       -0.00790192        0.00790192        0.00192882
   -0.96596597       -0.00786804        0.00786804        0.00196668
   -0.95595596       -0.00783362        0.00783362        0.00200488
   -0.94594595       -0.00779865        0.00779865        0.00204342
   -0.93593594       -0.00776311        0.00776311        0.00208228
   -0.92592593       -0.00772699        0.00772699        0.00212145
   -0.91591592       -0.00769030        0.00769030        0.00216092
   -0.90590591       -0.00765301        0.00765301        0.00220069
   -0.89589590       -0.00761511        0.00761511        0.00224075
   -0.88588589       -0.00757661        0.00757661        0.00228107
   -0.87587588       -0.00753748        0.00753748        0.00232165
   -0.86586587       -0.00749773        0.00749773        0.00236249
   -0.85585586       -0.00745733        0.00745733        0.00240355
   -0.84584585       -0.00741628        0.00741628        0.00244485
   -0.83583584       -0.00737456        0.00737456        0.00248635
   -0.82582583       -0.00733217        0.00733217        0.00252805
   -0.81581582       -0.00728910        0.00728910        0.00256994
   -0.80580581       -0.00724534        0.00724534        0.00261200
   -0.79579580       -0.00720086        0.00720086        0.00265421
   -0.78578579       -0.00715567        0.00715567        0.00269656
   -0.77577578       -0.00710975        0.00710975        0.00273905
   -0.76576577       -0.00706308        0.00706308        0.00278164
   -0.75575576       -0.00701567        0.00701567        0.00282433
   -0.74574575       -0.00696749        0.00696749        0.00286710
   -0.73573574       -0.00691853        0.00691853        0.00290994
   -0.72572573       -0.00686878        0.00686878        0.00295282
   -0.71571572       -0.00681822        0.00681822        0.00299573
   -0.70570571       -0.00676685        0.00676685        0.00303866
   -0.69569570       -0.00671465        0.00671465        0.00308159
   -0.68568569       -0.00666161        0.00666161        0.00312450
   -0.67567568       -0.00660771        0.00660771        0.00316737
   -0.66566567       -0.00655295        0.00655295        0.00321018
   -0.65565566       -0.00649729        0.00649729        0.00325292
   -0.64564565       -0.00644074        0.00644074        0.00329557
   -0.63563564       -0.00638328        0.00638328        0.00333811
   -0.62562563       -0.00632489        0.00632489        0.00338052
   -0.61561562       -0.00626555        0.00626555        0.00342279
   -0.60560561       -0.00620526        0.00620526        0.00346489
   -0.59559560       -0.00614399        0.00614399        0.00350680
   -0.58558559       -0.00608174        0.00608174        0.00354851
   -0.57557558       -0.00601848        0.00601848        0.00358999
   -0.56556557       -0.00595420        0.00595420        0.00363124
   -0.55555556       -0.00588888        0.00588888        0.00367222
   -0.54554555       -0.00582250        0.00582250        0.00371292
   -0.53553554       -0.00575506        0.00575506        0.00375332
   -0.52552553       -0.00568652        0.00568652        0.00379339
   -0.51551552       -0.00561688        0.00561688        0.00383313
   -0.50550551       -0.00554612        0.00554612        0.00387251
   -0.49549550       -0.00547421        0.00547421        0.00391150
   -0.48548549       -0.00540114        0.00540114        0.00395010
   -0.47547548       -0.00532689        0.00532689        0.00398828
   -0.46546547       -0.00525145        0.00525145        0.00402603
   -0.45545546       -0.00517478        0.00517478        0.00406331
   -0.44544545       -0.00509688        0.00509688        0.00410012
   -0.43543544       -0.00501772        0.00501772        0.00413643
   -0.42542543       -0.00493728        0.00493728        0.00417223
   -0.41541542       -0.00485554        0.00485554        0.00420750
   -0.40540541       -0.00477248        0.00477248        0.00424221
   -0.39539540       -0.00468808        0.00468808        0.00427635
   -0.38538539       -0.00460232        0.00460232        0.00430991
   -0.37537538       -0.00451518        0.00451518        0.00434285
   -0.36536537       -0.00442663        0.00442663        0.00437517
   -0.35535536       -0.00433664        0.00433664        0.00440685
   -0.34534535       -0.00424521        0.00424521        0.00443787
   -0.33533534       -0.00415230        0.00415230        0.00446821
   -0.32532533       -0.00405789        0.00405789        0.00449786
   -0.31531532       -0.00396195        0.00396195        0.00452679
   -0.30530531       -0.00386447        0.00386447        0.00455500
   -0.29529530       -0.00376541        0.00376541        0.00458247
   -0.28528529       -0.00366475        0.00366475        0.00460918
   -0.27527528       -0.00356247        0.00356247        0.00463512
   -0.26526527       -0.00345854        0.00345854        0.00466026
   -0.25525526       -0.00335293        0.00335293        0.00468461
   -0.24524525       -0.00324561        0.00324561        0.00470814
   -0.23523524       -0.00313656        0.00313656        0.00473084
   -0.22522523       -0.00302575        0.00302575        0.00475269
   -0.21521522       -0.00291315        0.00291315        0.00477369
   -0.20520521       -0.00279873        0.00279873        0.00479383
   -0.19519520       -0.00268247        0.00268247        0.00481308
   -0.18518519       -0.00256433        0.00256433        0.00483144
   -0.17517518       -0.00244428        0.00244428        0.00484890
   -0.16516517       -0.00232229        0.00232229        0.00486545
   -0.15515516       -0.00219834        0.00219834        0.00488107
   -0.14514515       -0.00207238        0.00207238        0.00489577
   -0.13513514       -0.00194439        0.00194439        0.00490952
   -0.12512513       -0.00181433        0.00181433        0.00492233
   -0.11511512       -0.00168217        0.00168217        0.00493418
   -0.10510511       -0.00154788        0.00154788        0.00494507
   -0.09509510       -0.00141142        0.00141142        0.00495499
   -0.08508509       -0.00127276        0.00127276        0.00496393
   -0.07507508       -0.00113186        0.00113186        0.00497190
   -0.06506507       -0.00098869        0.00098869        0.00497888
   -0.05505506       -0.00084320        0.00084320        0.00498487
   -0.04504505       -0.00069536        0.00069536        0.00498987
   -0.03503504       -0.00054514        0.00054514        0.00499387
   -0.02502503       -0.00039249        0.00039249        0.00499687
   -0.01501502       -0.00023738        0.00023738        0.00499887
   -0.00500501       -0.00007976        0.00007976        0.00499987
    0.00500501        0.00007976       -0.00007976        0.00499987
    0.01501502        0.00023738       -0.00023738        0.00499887
    0.02502503        0.00039249       -0.00039249        0.00499687
    0.03503504        0.00054514       -0.00054514        0.00499387
    0.04504505        0.00069536       -0.00069536        0.00498987
    0.05505506        0.00084320       -0.00084320        0.00498487
    0.06506507        0.00098869       -0.00098869        0.00497888
    0.07507508        0.00113186       -0.00113186        0.00497190
    0.08508509        0.00127276       -0.00127276        0.00496393
    0.09509510        0.00141142       -0.00141142        0.00495499
    0.10510511        0.00154788       -0.00154788        0.00494507
    0.11511512        0.00168217       -0.00168217        0.00493418
    0.12512513        0.00181433       -0.00181433        0.00492233
    0.13513514        0.00194439       -0.00194439        0.00490952
    0.14514515        0.00207238       -0.00207238        0.00489577
    0.15515516        0.00219834       -0.00219834        0.00488107
    0.16516517        0.00232229       -0.00232229        0.00486545
    0.17517518        0.00244428       -0.00244428        0.00484890
    0.18518519        0.00256433       -0.00256433        0.00483144
    0.19519520        0.00268247       -0.00268247        0.00481308
    0.20520521        0.00279873       -0.00279873        0.00479383
    0.21521522        0.00291315       -0.00291315        0.00477369
    0.22522523        0.00302575       -0.00302575        0.00475269
    0.23523524        0.00313656       -0.00313656        0.00473084
    0.24524525        0.00324561       -0.00324561        0.00470814
    0.25525526        0.00335293       -0.00335293        0.00468461
    0.26526527        0.00345854       -0.00345854        0.00466026
    0.27527528        0.00356247       -0.00356247        0.00463512
    0.28528529        0.00366475       -0.00366475        0.00460918
    0.29529530        0.00376541       -0.00376541        0.00458247
    0.30530531        0.00386447       -0.00386447        0.00455500
    0.31531532        0.00396195       -0.00396195        0.00452679
    0.32532533        0.00405789       -0.00405789        0.00449786
    0.33533534        0.00415230       -0.00415230        0.00446821
    0.34534535        0.00424521       -0.00424521        0.00443787
    0.35535536        0.00433664       -0.00433664        0.00440685
    0.36536537        0.00442663       -0.00442663        0.00437517
    0.37537538        0.00451518       -0.00451518        0.00434285
    0.38538539        0.00460232       -0.00460232        0.00430991
    0.39539540        0.00468808       -0.00468808        0.00427635
    0.40540541        0.00477248       -0.00477248        0.00424221
    0.41541542        0.00485554       -0.00485554        0.00420750
    0.42542543        0.00493728       -0.00493728        0.00417223
    0.43543544        0.00501772       -0.00501772        0.00413643
    0.44544545        0.00509688       -0.00509688        0.00410012
    0.45545546        0.00517478       -0.00517478        0.00406331
    0.46546547        0.00525145       -0.00525145        0.00402603
    0.47547548        0.00532689       -0.00532689        0.00398828
    0.48548549        0.00540114       -0.00540114        0.00395010
    0.49549550        0.00547421       -0.00547421        0.00391150
    0.50550551        0.00554612       -0.00554612        0.00387251
    0.51551552        0.00561688       -0.00561688        0.00383313
    0.52552553        0.00568652       -0.00568652        0.00379339
    0.53553554        0.00575506       -0.00575506        0.00375332
    0.54554555        0.00582250       -0.00582250        0.00371292
    0.55555556        0.00588888       -0.00588888        0.00367222
    0.56556557        0.00595420       -0.00595420        0.00363124
    0.57557558        0.00601848       -0.00601848        0.00358999
    0.58558559        0.00608174       -0.00608174        0.00354851
    0.59559560        0.00614399       -0.00614399        0.00350680
    0.60560561        0.00620526       -0.00620526        0.00346489
    0.61561562        0.00626555       -0.00626555        0.00342279
    0.62562563        0.00632489       -0.00632489        0.00338052
    0.63563564        0.00638328       -0.00638328        0.00333811
    0.64564565        0.00644074       -0.00644074        0.00329557
    0.65565566        0.00649729       -0.00649729        0.00325292
    0.66566567        0.00655295       -0.00655295        0.00321018
    0.67567568        0.00660771       -0.00660771        0.00316737
    0.68568569        0.00666161       -0.00666161        0.00312450
    0.69569570        0.00671465       -0.00671465        0.00308159
    0.70570571        0.00676685       -0.00676685        0.00303866
    0.71571572        0.00681822       -0.00681822        0.00299573
    0.72572573        0.00686878       -0.00686878        0.00295282
    0.73573574        0.00691853       -0.00691853        0.00290994
    0.74574575        0.00696749       -0.00696749        0.00286710
    0.75575576        0.00701567       -0.00701567        0.00282433
    0.76576577        0.00706308       -0.00706308        0.00278164
    0.77577578        0.00710975       -0.00710975        0.00273905
    0.78578579        0.00715567       -0.00715567        0.00269656
    0.79579580        0.00720086       -0.00720086        0.00265421
    0.80580581        0.00724534       -0.00724534        0.00261200
    0.81581582        0.00728910       -0.00728910        0.00256994
    0.82582583        0.00733217       -0.00733217        0.00252805
    0.83583584        0.00737456       -0.00737456        0.00248635
    0.84584585        0.00741628       -0.00741628        0.00244485
    0.85585586        0.00745733       -0.00745733        0.00240355
    0.86586587        0.00749773       -0.00749773        0.00236249
    0.87587588        0.00753748       -0.00753748        0.00232165
    0.88588589        0.00757661       -0.00757661        0.00228107
    0.89589590        0.00761511       -0.00761511        0.00224075
    0.90590591        0.00765301       -0.00765301        0.00220069
    0.91591592        0.00769030       -0.00769030        0.00216092
    0.92592593        0.00772699       -0.00772699        0.00212145
    0.93593594        0.00776311       -0.00776311        0.00208228
    0.94594595        0.00779865       -0.00779865        0.00204342
    0.95595596        0.00783362       -0.00783362        0.00200488
    0.96596597        0.00786804       -0.00786804        0.00196668
    0.97597598        0.00790192       -0.00790192        0.00192882
    0.98598599        0.00793525       -0.00793525        0.00189131
    0.99599600        0.00796806       -0.00796806        0.00185416
    1.00600601        0.00800034       -0.00800034        0.00181737
    1.01601602        0.00803211       -0.00803211        0.00178095
    1.02602603        0.00806338       -0.00806338        0.00174492
    1.03603604        0.00809415       -0.00809415        0.00170927
    1.04604605        0.00812443       -0.00812443        0.00167402
    1.05605606        0.00815423       -0.00815423        0.00163916
    1.06606607        0.00818356       -0.00818356        0.00160471
    1.07607608        0.00821242       -0.00821242        0.00157066
    1.08608609        0.00824082       -0.00824082        0.00153703
    1.09609610        0.00826877       -0.00826877        0.00150382
    1.10610611        0.00829628       -0.00829628        0.00147104
    1.11611612        0.00832335       -0.00832335        0.00143868
    1.12612613        0.00834999       -0.00834999        0.00140674
    1.13613614        0.00837620       -0.00837620        0.00137525
    1.14614615        0.00840200       -0.00840200        0.00134418
    1.15615616        0.00842739       -0.00842739        0.00131356
    1.16616617        0.00845238       -0.00845238        0.00128338
    1.17617618        0.00847697       -0.00847697        0.00125364
    1.18618619        0.00850117       -0.00850117        0.00122434
    1.19619620        0.00852498       -0.00852498        0.00119549
    1.20620621        0.00854842       -0.00854842        0.00116708
    1.21621622        0.00857148       -0.00857148        0.00113912
    1.22622623        0.00859418       -0.00859418        0.00111161
    1.23623624        0.00861651       -0.00861651        0.00108454
    1.24624625        0.00863849       -0.00863849        0.00105792
    1.25625626        0.00866013       -0.00866013        0.00103175
    1.26626627        0.00868142       -0.00868142        0.00100603
    1.27627628        0.00870237       -0.00870237        0.00098074
    1.28628629        0.00872298       -0.00872298        0.00095591
    1.29629630        0.00874327       -0.00874327        0.00093151
    1.30630631        0.00876324       -0.00876324        0.00090756
    1.31631632        0.00878289       -0.00878289        0.00088404
    1.32632633        0.00880223       -0.00880223        0.00086096
    1.33633634        0.00882126       -0.00882126        0.00083832
    1.34634635        0.00883999       -0.00883999        0.00081611
    1.35635636        0.00885842       -0.00885842        0.00079432
    1.36636637        0.00887656       -0.00887656        0.00077297
    1.37637638        0.00889441       -0.00889441        0.00075203
    1.38638639        0.00891197       -0.00891197        0.00073152
    1.39639640        0.00892926       -0.00892926        0.00071143
    1.40640641        0.00894627       -0.00894627        0.00069174
    1.41641642        0.00896301       -0.00896301        0.00067247
    1.42642643        0.00897949       -0.00897949        0.00065360
    1.43643644        0.00899570       -0.00899570        0.00063514
    1.44644645        0.00901166       -0.00901166        0.00061707
    1.45645646        0.00902736       -0.00902736        0.00059940
    1.46646647        0.00904282       -0.00904282        0.00058212
    1.47647648        0.00905803       -0.00905803        0.00056522
    1.48648649        0.00907299       -0.00907299        0.00054870
    1.49649650        0.00908772       -0.00908772        0.00053256
    1.50650651        0.00910222       -0.00910222        0.00051679
    1.51651652        0.00911648       -0.00911648        0.00050138
    1.52652653        0.00913052       -0.00913052        0.00048634
    1.53653654        0.00914433       -0.00914433        0.00047166
    1.54654655        0.00915793       -0.00915793        0.00045732
    1.55655656        0.00917131       -0.00917131        0.00044333
    1.56656657        0.00918447       -0.00918447        0.00042969
    1.57657658        0.00919743       -0.00919743        0.00041638
    1.58658659        0.00921018       -0.00921018        0.00040340
    1.59659660        0.00922273       -0.00922273        0.00039075
    1.60660661        0.00923508       -0.00923508        0.00037842
    1.61661662        0.00924723       -0.00924723        0.00036641
    1.62662663        0.00925919       -0.00925919        0.00035470
    1.63663664        0.00927096       -0.00927096        0.00034330
    1.64664665        0.00928255       -0.00928255        0.00033220
    1.65665666        0.00929395       -0.00929395        0.00032140
    1.66666667        0.00930517       -0.00930517        0.00031088
    1.67667668        0.00931621       -0.00931621        0.00030065
    1.68668669        0.00932707       -0.00932707        0.00029070
    1.69669670        0.00933776       -0.00933776        0.00028102
    1.70670671        0.00934828       -0.00934828        0.00027160
    1.71671672        0.00935864       -0.00935864        0.00026245
    1.72672673        0.00936883       -0.00936883        0.00025356
    1.73673674        0.00937886       -0.00937886        0.00024492
    1.74674675        0.00938873       -0.00938873        0.00023653
    1.75675676        0.00939844       -0.00939844        0.00022838
    1.76676677        0.00940800       -0.00940800        0.00022046
    1.77677678        0.00941740       -0.00941740        0.00021278
    1.78678679        0.00942666       -0.00942666        0.00020532
    1.79679680        0.00943577       -0.00943577        0.00019809
    1.80680681        0.00944473       -0.00944473        0.00019107
    1.81681682        0.00945356       -0.00945356        0.00018426
    1.82682683        0.00946224       -0.00946224        0.00017766
    1.83683684        0.00947078       -0.00947078        0.00017127
    1.84684685        0.00947919       -0.00947919        0.00016507
    1.85685686        0.00948746       -0.00948746        0.00015906
    1.86686687        0.00949561       -0.00949561        0.00015324
    1.87687688        0.00950362       -0.00950362        0.00014760
    1.88688689        0.00951151       -0.00951151        0.00014215
    1.89689690        0.00951927       -0.00951927        0.00013686
    1.90690691        0.00952691       -0.00952691        0.00013175
    1.91691692        0.00953442       -0.00953442        0.00012680
    1.92692693        0.00954182       -0.00954182        0.00012202
    1.93693694        0.00954910       -0.00954910        0.00011739
    1.94694695        0.00955627       -0.00955627        0.00011291
    1.95695696        0.00956332       -0.00956332        0.00010858
    1.96696697        0.00957025       -0.00957025        0.00010440
    1.97697698        0.00957708       -0.00957708        0.00010036
    1.98698699        0.00958380       -0.00958380        0.00009645
    1.99699700        0.00959041       -0.00959041        0.00009268
    2.00700701        0.00959692       -0.00959692        0.00008904
    2.01701702        0.00960333       -0.00960333        0.00008553
    2.02702703        0.00960963       -0.00960963        0.00008213
    2.03703704        0.00961583       -0.00961583        0.00007886
    2.04704705        0.00962194       -0.00962194        0.00007570
    2.05705706        0.00962794       -0.00962794        0.00007265
    2.06706707        0.00963385       -0.00963385        0.00006972
    2.07707708        0.00963967       -0.00963967        0.00006688
    2.08708709        0.00964540       -0.00964540        0.00006415
    2.09709710        0.00965103       -0.00965103        0.00006152
    2.10710711        0.00965657       -0.00965657        0.00005899
    2.11711712        0.00966203       -0.00966203        0.00005654
    2.12712713        0.00966740       -0.00966740        0.00005419
    2.13713714        0.00967269       -0.00967269        0.00005193
    2.14714715        0.00967789       -0.00967789        0.00004975
    2.15715716        0.00968300       -0.00968300        0.00004765
    2.16716717        0.00968804       -0.00968804        0.00004563
    2.17717718        0.00969300       -0.00969300        0.00004369
    2.18718719        0.00969787       -0.00969787        0.00004182
    2.19719720        0.00970268       -0.00970268        0.00004003
    2.20720721        0.00970740       -0.00970740        0.00003830
    2.21721722        0.00971205       -0.00971205        0.00003664
    2.22722723        0.00971662       -0.00971662        0.00003505
    2.23723724        0.00972113       -0.00972113        0.00003351
    2.24724725        0.00972556       -0.00972556        0.00003204
    2.25725726        0.00972992       -0.00972992        0.00003063
    2.26726727        0.00973421       -0.00973421        0.00002927
    2.27727728        0.00973843       -0.00973843        0.00002797
    2.28728729        0.00974259       -0.00974259        0.00002672
    2.29729730        0.00974668       -0.00974668        0.00002552
    2.30730731        0.00975070       -0.00975070        0.00002437
    2.31731732        0.00975466       -0.00975466        0.00002327
    2.32732733        0.00975856       -0.00975856        0.00002221
    2.33733734        0.00976240       -0.00976240        0.00002120
    2.34734735        0.00976617       -0.00976617        0.00002023
    2.35735736        0.00976989       -0.00976989        0.00001930
    2.36736737        0.00977354       -0.00977354        0.00001841
    2.37737738        0.00977714       -0.00977714        0.00001755
    2.38738739        0.00978068       -0.00978068        0.00001674
    2.39739740        0.00978417       -0.00978417        0.00001595
    2.40740741        0.00978760       -0.00978760        0.00001520
    2.41741742        0.00979097       -0.00979097        0.00001449
    2.42742743        0.00979429       -0.00979429        0.00001380
    2.43743744        0.00979756       -0.00979756        0.00001315
    2.44744745        0.00980078       -0.00980078        0.00001252
    2.45745746        0.00980394       -0.00980394        0.00001192
    2.46746747        0.00980706       -0.00980706        0.00001135
    2.47747748        0.00981012       -0.00981012        0.00001080
    2.48748749        0.00981314       -0.00981314        0.00001027
    2.49749750        0.00981611       -0.00981611        0.00000977
    2.50750751        0.00981903       -0.00981903        0.00000930
    2.51751752        0.00982191       -0.00982191        0.00000884
    2.52752753        0.00982474       -0.00982474        0.00000840
    2.53753754        0.00982752       -0.00982752        0.00000799
    2.54754755        0.00983026       -0.00983026        0.00000759
    2.55755756        0.00983296       -0.00983296        0.00000721
    2.56756757        0.00983561       -0.00983561        0.00000685
    2.57757758        0.00983822       -0.00983822        0.00000651
    2.58758759        0.00984079       -0.00984079        0.00000618
    2.59759760        0.00984332       -0.00984332        0.00000587
    2.60760761        0.00984581       -0.00984581        0.00000557
    2.61761762        0.00984826       -0.00984826        0.00000529
    2.62762763        0.00985067       -0.00985067        0.00000502
    2.63763764        0.00985305       -0.00985305        0.00000476
    2.64764765        0.00985538       -0.00985538        0.00000451
    2.65765766        0.00985768       -0.00985768        0.00000428
    2.66766767        0.00985994       -0.00985994        0.00000406
    2.67767768        0.00986217       -0.00986217        0.00000385
    2.68768769        0.00986436       -0.00986436        0.00000365
    2.69769770        0.00986651       -0.00986651        0.00000345
    2.70770771        0.00986863       -0.00986863        0.00000327
    2.71771772        0.00987072       -0.00987072        0.00000310
    2.72772773        0.00987277       -0.00987277        0.00000293
    2.73773774        0.00987479       -0.00987479        0.00000278
    2.74774775        0.00987678       -0.00987678        0.00000263
    2.75775776        0.00987874       -0.00987874        0.00000249
    2.76776777        0.00988067       -0.00988067        0.00000236
    2.77777778        0.00988256       -0.00988256        0.00000223
    2.78778779        0.00988443       -0.00988443        0.00000211
    2.79779780        0.00988627       -0.00988627        0.00000199
    2.80780781        0.00988807       -0.00988807        0.00000188
    2.81781782        0.00988985       -0.00988985        0.00000178
    2.82782783        0.00989160       -0.00989160        0.00000168
    2.83783784        0.00989332       -0.00989332        0.00000159
    2.84784785        0.00989502       -0.00989502        0.00000150
    2.85785786        0.00989669       -0.00989669        0.00000142
    2.86786787        0.00989833       -0.00989833        0.00000134
    2.87787788        0.00989994       -0.00989994        0.00000126
    2.88788789        0.00990153       -0.00990153        0.00000119
    2.89789790        0.00990310       -0.00990310        0.00000113
    2.90790791        0.00990464       -0.00990464        0.00000106
    2.91791792        0.00990615       -0.00990615        0.00000100
    2.92792793        0.00990764       -0.00990764        0.00000095
    2.93793794        0.00990911       -0.00990911        0.00000089
    2.94794795        0.00991056       -0.00991056        0.00000084
    2.95795796        0.00991198       -0.00991198        0.00000079
    2.96796797        0.00991337       -0.00991337        0.00000075
    2.97797798        0.00991475       -0.00991475        0.00000070
    2.98798799        0.00991611       -0.00991611        0.00000066
    2.99799800        0.00991744       -0.00991744        0.00000062
    3.00800801        0.00991875       -0.00991875        0.00000059
    3.01801802        0.00992004       -0.00992004        0.00000055
    3.02802803        0.00992131       -0.00992131        0.00000052
    3.03803804        0.00992256       -0.00992256        0.00000049
    3.04804805        0.00992379       -0.00992379        0.00000046
    3.05805806        0.00992500       -0.00992500        0.00000043
    3.06806807        0.00992619       -0.00992619        0.00000041
    3.07807808        0.00992737       -0.00992737        0.00000038
    3.08808809        0.00992852       -0.00992852        0.00000036
    3.09809810        0.00992966       -0.00992966        0.00000034
    3.10810811        0.00993077       -0.00993077        0.00000032
    3.11811812        0.00993187       -0.00993187        0.00000030
    3.12812813        0.00993296       -0.00993296        0.00000028
    3.13813814        0.00993402       -0.00993402        0.00000026
    3.14814815        0.00993507       -0.00993507        0.00000025
    3.15815816        0.00993610       -0.00993610        0.00000023
    3.16816817        0.00993712       -0.00993712        0.00000022
    3.17817818        0.00993812       -0.00993812        0.00000021
    3.18818819        0.00993910       -0.00993910        0.00000019
    3.19819820        0.00994007       -0.00994007        0.00000018
    3.20820821        0.00994102       -0.00994102        0.00000017
    3.21821822        0.00994196       -0.00994196        0.00000016
    3.22822823        0.00994288       -0.00994288        0.00000015
    3.23823824        0.00994379       -0.00994379        0.00000014
    3.24824825        0.00994468       -0.00994468        0.00000013
    3.25825826        0.00994556       -0.00994556        0.00000012
    3.26826827        0.00994642       -0.00994642        0.00000011
    3.27827828        0.00994727       -0.00994727        0.00000011
    3.28828829        0.00994811       -0.00994811        0.00000010
    3.29829830        0.00994894       -0.00994894        0.00000009
    3.30830831        0.00994975       -0.00994975        0.00000009
    3.31831832        0.00995055       -0.00995055        0.00000008
    3.32832833        0.00995133       -0.00995133        0.00000008
    3.33833834        0.00995211       -0.00995211        0.00000007
    3.34834835        0.00995287       -0.00995287        0.00000007
    3.35835836        0.00995362       -0.00995362        0.00000006
    3.36836837        0.00995435       -0.00995435        0.00000006
    3.37837838        0.00995508       -0.00995508        0.00000006
    3.38838839        0.00995579       -0.00995579        0.00000005
    3.39839840        0.00995649       -0.00995649        0.00000005
    3.40840841        0.00995719       -0.00995719        0.00000005
    3.41841842        0.00995787       -0.00995787        0.00000004
    3.42842843        0.00995853       -0.00995853        0.00000004
    3.43843844        0.00995919       -0.00995919        0.00000004
    3.44844845        0.00995984       -0.00995984        0.00000003
    3.45845846        0.00996048       -0.00996048        0.00000003
    3.46846847        0.00996111       -0.00996111        0.00000003
    3.47847848        0.00996173       -0.00996173        0.00000003
    3.48848849        0.00996233       -0.00996233        0.00000003
    3.49849850        0.00996293       -0.00996293        0.00000002
    3.50850851        0.00996352       -0.00996352        0.00000002
    3.51851852        0.00996410       -0.00996410        0.00000002
    3.52852853        0.00996467       -0.00996467        0.00000002
    3.53853854        0.00996523       -0.00996523        0.00000002
    3.54854855        0.00996579       -0.00996579        0.00000002
    3.55855856        0.00996633       -0.00996633        0.00000002
    3.56856857        0.00996686       -0.00996686        0.00000001
    3.57857858        0.00996739       -0.00996739        0.00000001
    3.58858859        0.00996791       -0.00996791        0.00000001
    3.59859860        0.00996842       -0.00996842        0.00000001
    3.60860861        0.00996892       -0.00996892        0.00000001
    3.61861862        0.00996941       -0.00996941        0.00000001
    3.62862863        0.00996990       -0.00996990        0.00000001
    3.63863864        0.00997038       -0.00997038        0.00000001
    3.64864865        0.00997085       -0.00997085        0.00000001
    3.65865866        0.00997131       -0.00997131        0.00000001
    3.66866867        0.00997177       -0.00997177        0.00000001
    3.67867868        0.00997222       -0.00997222        0.00000001
    3.68868869        0.00997266       -0.00997266        0.00000001
    3.69869870        0.00997309       -0.00997309        0.00000001
    3.70870871        0.00997352       -0.00997352        0.00000001
    3.71871872        0.00997394       -0.00997394        0.00000000
    3.72872873        0.00997435       -0.00997435        0.00000000
    3.73873874        0.00997476       -0.00997476        0.00000000
    3.74874875        0.00997516       -0.00997516        0.00000000
    3.75875876        0.00997556       -0.00997556        0.00000000
    3.76876877        0.00997595       -0.00997595        0.00000000
    3.77877878        0.00997633       -0.00997633        0.00000000
    3.78878879        0.00997670       -0.00997670        0.00000000
    3.79879880        0.00997707       -0.00997707        0.00000000
    3.80880881        0.00997744       -0.00997744        0.00000000
    3.81881882        0.00997780       -0.00997780        0.00000000
    3.82882883        0.00997815       -0.00997815        0.00000000
    3.83883884        0.00997850       -0.00997850        0.00000000
    3.84884885        0.00997884       -0.00997884        0.00000000
    3.85885886        0.00997917       -0.00997917        0.00000000
    3.86886887        0.00997951       -0.00997951        0.00000000
    3.87887888        0.00997983       -0.00997983        0.00000000
    3.88888889        0.00998015       -0.00998015        0.00000000
    3.89889890        0.00998047       -0.00998047        0.00000000
    3.90890891        0.00998078       -0.00998078        0.00000000
    3.91891892        0.00998108       -0.00998108        0.00000000
    3.92892893        0.00998138       -0.00998138        0.00000000
    3.93893894        0.00998168       -0.00998168        0.00000000
    3.94894895        0.00998197       -0.00998197        0.00000000
    3.95895896        0.00998226       -0.00998226        0.00000000
    3.96896897        0.00998254       -0.00998254        0.00000000
    3.97897898        0.00998282       -0.00998282        0.00000000
    3.98898899        0.00998309       -0.00998309        0.00000000
    3.99899900        0.00998336       -0.00998336        0.00000000
    4.00900901        0.00998362       -0.00998362        0.00000000
    4.01901902        0.00998388       -0.00998388        0.00000000
    4.02902903        0.00998414       -0.00998414        0.00000000
    4.03903904        0.00998439       -0.00998439        0.00000000
    4.04904905        0.00998464       -0.00998464        0.00000000
    4.05905906        0.00998488       -0.00998488        0.00000000
    4.06906907        0.00998512       -0.00998512        0.00000000
    4.07907908        0.00998536       -0.00998536        0.00000000
    4.08908909        0.00998559       -0.00998559        0.00000000
    4.09909910        0.00998582       -0.00998582        0.00000000
    4.10910911        0.00998605       -0.00998605        0.00000000
    4.11911912        0.00998627       -0.00998627        0.00000000
    4.12912913        0.00998649       -0.00998649        0.00000000
    4.13913914        0.00998670       -0.00998670        0.00000000
    4.14914915        0.00998691       -0.00998691        0.00000000
    4.15915916        0.00998712       -0.00998712        0.00000000
    4.16916917        0.00998732       -0.00998732        0.00000000
    4.17917918        0.00998753       -0.00998753        0.00000000
    4.18918919        0.00998772       -0.00998772        0.00000000
    4.19919920        0.00998792       -0.00998792        0.00000000
    4.20920921        0.00998811       -0.00998811        0.00000000
    4.21921922        0.00998830       -0.00998830        0.00000000
    4.22922923        0.00998849       -0.00998849        0.00000000
    4.23923924        0.00998867       -0.00998867        0.00000000
    4.24924925        0.00998885       -0.00998885        0.00000000
    4.25925926        0.00998903       -0.00998903        0.00000000
    4.26926927        0.00998920       -0.00998920        0.00000000
    4.27927928        0.00998937       -0.00998937        0.00000000
    4.28928929        0.00998954       -0.00998954        0.00000000
    4.29929930        0.00998971       -0.00998971        0.00000000
    4.30930931        0.00998987       -0.00998987        0.00000000
    4.31931932        0.00999003       -0.00999003        0.00000000
    4.32932933        0.00999019       -0.00999019        0.00000000
    4.33933934        0.00999035       -0.00999035        0.00000000
    4.34934935        0.00999050       -0.00999050        0.00000000
    4.35935936        0.00999065       -0.00999065        0.00000000
    4.36936937        0.00999080       -0.00999080        0.00000000
    4.37937938        0.00999094       -0.00999094        0.00000000
    4.38938939        0.00999109       -0.00999109        0.00000000
    4.39939940        0.00999123       -0.00999123        0.00000000
    4.40940941        0.00999137       -0.00999137        0.00000000
    4.41941942        0.00999151       -0.00999151        0.00000000
    4.42942943        0.00999164       -0.00999164        0.00000000
    4.43943944        0.00999177       -0.00999177        0.00000000
    4.44944945        0.00999191       -0.00999191        0.00000000
    4.45945946        0.00999203       -0.00999203        0.00000000
    4.46946947        0.00999216       -0.00999216        0.00000000
    4.47947948        0.00999228       -0.00999228        0.00000000
    4.48948949        0.00999241       -0.00999241        0.00000000
    4.49949950        0.00999253       -0.00999253        0.00000000
    4.50950951        0.00999265       -0.00999265        0.00000000
    4.51951952        0.00999276       -0.00999276        0.00000000
    4.52952953        0.00999288       -0.00999288        0.00000000
    4.53953954        0.00999299       -0.00999299        0.00000000
    4.54954955        0.00999310       -0.00999310        0.00000000
    4.55955956        0.00999321       -0.00999321        0.00000000
    4.56956957        0.00999332       -0.00999332        0.00000000
    4.57957958        0.00999343       -0.00999343        0.00000000
    4.58958959        0.00999353       -0.00999353        0.00000000
    4.59959960        0.00999363       -0.00999363        0.00000000
    4.60960961        0.00999374       -0.00999374        0.00000000
    4.61961962        0.00999383       -0.00999383        0.00000000
    4.62962963        0.00999393       -0.00999393        0.00000000
    4.63963964        0.00999403       -0.00999403        0.00000000
    4.64964965        0.00999412       -0.00999412        0.00000000
    4.65965966        0.00999422       -0.00999422        0.00000000
    4.66966967        0.00999431       -0.00999431        0.00000000
    4.67967968        0.00999440       -0.00999440        0.00000000
    4.68968969        0.00999449       -0.00999449        0.00000000
    4.69969970        0.00999458       -0.00999458        0.00000000
    4.70970971        0.00999466       -0.00999466        0.00000000
    4.71971972        0.00999475       -0.00999475        0.00000000
    4.72972973        0.00999483       -0.00999483        0.00000000
    4.73973974        0.00999491       -0.00999491        0.00000000
    4.74974975        0.00999499       -0.00999499        0.00000000
    4.75975976        0.00999507       -0.00999507        0.00000000
    4.76976977        0.00999515       -0.00999515        0.00000000
    4.77977978        0.00999523       -0.00999523        0.00000000
    4.78978979        0.00999530       -0.00999530        0.00000000
    4.79979980        0.00999538       -0.00999538        0.00000000
    4.80980981        0.00999545       -0.00999545        0.00000000
    4.81981982        0.00999552       -0.00999552        0.00000000
    4.82982983        0.00999560       -0.00999560        0.00000000
    4.83983984        0.00999567       -0.00999567        0.00000000
    4.84984985        0.00999573       -0.00999573        0.00000000
    4.85985986        0.00999580       -0.00999580        0.00000000
    4.86986987        0.00999587       -0.00999587        0.00000000
    4.87987988        0.00999593       -0.00999593        0.00000000
    4.88988989        0.00999600       -0.00999600        0.00000000
    4.89989990        0.00999606       -0.00999606        0.00000000
    4.90990991        0.00999613       -0.00999613        0.00000000
    4.91991992        0.00999619       -0.00999619        0.00000000
    4.92992993        0.00999625       -0.00999625        0.00000000
    4.93993994        0.00999631       -0.00999631        0.00000000
    4.94994995        0.00999637       -0.00999637        0.00000000
    4.95995996        0.00999642       -0.00999642        0.00000000
    4.96996997        0.00999648       -0.00999648        0.00000000
    4.97997998        0.00999654       -0.00999654        0.00000000
    4.98998999        0.00999659       -0.00999659        0.00000000
    5.00000000        0.00999665       -0.00999665        0.00000000
